[[117,129,133,126,126, 94, 78, 79, 78,123],
 [121,129,116,127,107, 69, 67, 66, 97,113],
 [146,112,113,114, 94, 88, 92, 80, 92,117],
 [122,122,137,108,100, 99, 77, 77, 99,116],
 [ 96,114,120,114,133,123, 83,110,103,110],
 [118,150,148,122,102,117, 87,101,116,122],
 [140,128,118, 89,101, 90, 87, 86, 98, 87],
 [114,126,116,109, 89, 79, 80,112,110,133],
 [109, 95,143, 96, 88, 99, 96,110,112,151],
 [ 94,128,165,124,122,106, 84,129,127,110]]
[[ 78,123,150,146,110,111, 97, 89,196,155],
 [ 97,113, 87,132, 87,117,120,114,127,126],
 [ 92,117, 93,102,102,123, 97,150,118,151],
 [ 99,116, 74,100, 84, 92,142,163,129,129],
 [103,110, 97, 74, 72, 87, 90, 96,106,130],
 [116,122, 93, 87, 78, 91,129, 98, 85,118],
 [ 98, 87,118,124,107,127,146, 95, 73, 79],
 [110,133,125,152,139,108, 88, 88, 84, 87],
 [112,151,112,137,118,101, 84, 72, 79, 75],
 [127,110,144,114,114,127, 87, 85, 89, 99]]
[[196,155,201,127, 90, 85, 84, 78, 86, 90],
 [127,126,174, 69, 90, 99, 90, 82, 74, 80],
 [118,151,126,125, 67, 75,101, 97, 82, 99],
 [129,129,117,130,110, 79, 97, 94, 77, 73],
 [106,130,115,100, 99, 74, 80, 82, 81, 95],
 [ 85,118,106, 83, 81, 92, 93, 98, 84, 84],
 [ 73, 79, 87, 86, 82, 97,102,106, 88, 91],
 [ 84, 87, 79, 98,115, 96,104,103, 87, 88],
 [ 79, 75, 78,149,123,102, 68, 83, 84,103],
 [ 89, 99, 89,132,139, 94, 84, 77, 80, 88]]
[[ 86, 90, 86, 79,112, 99, 83, 92, 79, 76],
 [ 74, 80, 77, 72,119,101,100, 92, 97, 84],
 [ 82, 99, 90, 85,114, 94, 99, 98, 92, 80],
 [ 77, 73, 65, 72, 80, 82, 73, 78, 79, 88],
 [ 81, 95, 87, 81, 87, 88, 81,108,108,109],
 [ 84, 84, 91, 85, 76, 71, 69, 72, 79, 87],
 [ 88, 91, 83,100, 91,102,100,107,104, 98],
 [ 87, 88, 87, 87, 85, 93, 93,115,106, 88],
 [ 84,103,101,107,106, 98, 97,113,106, 91],
 [ 80, 88, 81, 82, 81, 74, 76, 84, 87, 71]]
[[ 79, 76, 75, 81, 77, 77, 64, 70, 78, 93],
 [ 97, 84,120,110, 90,109, 92,105,105,116],
 [ 92, 80,121,109, 99,104, 94, 90, 89, 68],
 [ 79, 88, 89, 91, 93, 93, 81, 81, 81, 82],
 [108,109, 99,103, 71,101, 76, 75, 69, 93],
 [ 79, 87, 95, 82, 69, 94, 89, 78, 73, 92],
 [104, 98, 87, 84, 74, 79, 75, 75, 70, 74],
 [106, 88, 99, 91, 84, 95, 95, 83, 77, 92],
 [106, 91,101, 95, 74, 83, 86, 74, 71, 81],
 [ 87, 71,111, 93, 90, 92,110, 94, 98,105]]
[[ 78, 93, 94, 94, 93,102, 92, 93, 99, 87],
 [105,116,111, 98, 66, 68, 62,100,109,104],
 [ 89, 68, 84,101,103,108, 98, 86, 91, 90],
 [ 81, 82, 89, 79, 98, 74, 90, 77, 77, 80],
 [ 69, 93, 91, 93, 93, 76, 96, 97, 89, 84],
 [ 73, 92, 88, 92, 92, 83, 81, 84, 91, 97],
 [ 70, 74, 63, 76, 89, 93, 95, 88, 78, 88],
 [ 77, 92, 90, 85, 89, 92, 94, 89, 80, 71],
 [ 71, 81, 80, 72, 72, 69, 76, 85, 87, 92],
 [ 98,105, 92, 95, 96,107, 87,105, 78, 87]]
[[ 99, 87, 83, 76, 82, 81, 99, 90, 85, 64],
 [109,104, 92, 92, 96, 87,100, 98, 95,116],
 [ 91, 90, 80,102, 75, 82, 83, 78, 59, 88],
 [ 77, 80, 92, 96,100, 99, 92, 85, 82,103],
 [ 89, 84, 83, 86, 91, 95, 95, 74, 74, 82],
 [ 91, 97, 73, 90, 80, 81, 89, 98, 97, 79],
 [ 78, 88, 78, 88, 95, 88, 82, 87, 91, 82],
 [ 80, 71, 86, 81, 96, 96, 84, 77, 85, 85],
 [ 87, 92,102, 90, 87, 90, 89, 91, 89, 98],
 [ 78, 87, 86, 88, 71, 75, 78,105, 99,108]]
[[109, 95,143, 96, 88, 99, 96,110,112,151],
 [ 94,128,165,124,122,106, 84,129,127,110],
 [118,146,121,120,122,111, 99,102,116, 98],
 [ 86,109, 99, 96,103, 97, 81, 97,100, 86],
 [ 98,133,135,117,103, 91,120,105, 86, 85],
 [107,109,114,116,134, 99,111,102, 71, 95],
 [100, 94,105,116,101,111,107, 99,100,119],
 [ 96, 87, 88,158, 93, 94, 74, 74,111,119],
 [ 95, 97, 96,133,135, 75, 71, 96, 84, 93],
 [127,121, 65, 58, 82, 67, 86, 92, 69, 95]]
[[112,151,112,137,118,101, 84, 72, 79, 75],
 [127,110,144,114,114,127, 87, 85, 89, 99],
 [116, 98,142,127, 99,110, 83, 81, 72, 73],
 [100, 86,115,104, 88,117,111,132,123,176],
 [ 86, 85, 75, 93, 89, 91,101,113,165,103],
 [ 71, 95,111,107, 90,101, 80,110,171,141],
 [100,119, 98,124,101,109, 98,138,140,154],
 [111,119,112,124,127,148,104,119,147,111],
 [ 84, 93,115,114,120,124,111,132, 88,100],
 [ 69, 95, 74, 60, 84, 85, 74, 67, 85, 86]]
[[ 79, 75, 78,149,123,102, 68, 83, 84,103],
 [ 89, 99, 89,132,139, 94, 84, 77, 80, 88],
 [ 72, 73, 84,112,119, 96, 79, 79, 90, 93],
 [123,176,143,115, 91, 87, 93, 86, 92, 71],
 [165,103,120,128, 75,108,177,182,177,227],
 [171,141,112, 96,196,186,189,175,149,236],
 [140,154,132,140,167,139,108,106,111,211],
 [147,111,117,124,112,107,102,102, 89,183],
 [ 88,100, 99,128, 73,109,122,122,116,219],
 [ 85, 86,103,130,133,112, 98, 96, 91,196]]
[[ 84,103,101,107,106, 98, 97,113,106, 91],
 [ 80, 88, 81, 82, 81, 74, 76, 84, 87, 71],
 [ 90, 93, 88, 89, 89, 93, 92, 88, 87, 91],
 [ 92, 71, 76, 76, 87, 90,102,117,127,145],
 [177,227,237,231,223,209,203,193,186,186],
 [149,236,206,175,179,176,172,170,161,156],
 [111,211,167,106,101, 99, 98,101,100,104],
 [ 89,183,173,108,107,115,118,121,126,124],
 [116,219,212,127,121,111,109,104,101,101],
 [ 91,196,197, 96, 98, 97, 97, 97, 97,100]]
[[106, 91,101, 95, 74, 83, 86, 74, 71, 81],
 [ 87, 71,111, 93, 90, 92,110, 94, 98,105],
 [ 87, 91,110,112, 99,104,101, 91, 85, 66],
 [127,145,161,177,171,213,220,200,193,251],
 [186,186,181,177,241,234,171,165,168,222],
 [161,156,150,203,232,128,121,106,106,111],
 [100,104,154,220,191,105,112,111,114,111],
 [126,124,222,200,120,116,111,114,128,118],
 [101,101,222,158,103,101,160,221,170,209],
 [ 97,100,207,198, 98,111,205,201,208,205]]
[[ 71, 81, 80, 72, 72, 69, 76, 85, 87, 92],
 [ 98,105, 92, 95, 96,107, 87,105, 78, 87],
 [ 85, 66, 79, 81, 77, 82, 82, 84,103,101],
 [193,251,248,221,172,219,184,227,223,223],
 [168,222,235,235,152,218,157,214,158,224],
 [106,111,173,213,103,203, 90,185, 98,202],
 [114,111,172,201, 90,155,101,188,110,212],
 [128,118,222,238,106,180,116,210,121,178],
 [170,209,223,181, 94,192, 93,188,127,136],
 [208,205,127,181, 93,199, 96,160,158,112]]
[[ 87, 92,102, 90, 87, 90, 89, 91, 89, 98],
 [ 78, 87, 86, 88, 71, 75, 78,105, 99,108],
 [103,101,145,146,185,216,182,190,199,192],
 [223,223,228,181,245,223,163,171,165,165],
 [158,224,149,190,225,186,140,132,115,109],
 [ 98,202,107,145,221,175,112,114,112,110],
 [110,212,172,116,229,233,119,110,114,115],
 [121,178,167,101,216,219,103, 99,106, 99],
 [127,136,186,101,208,214,103,107,105,102],
 [158,112,194, 89,204,205, 90, 96, 94, 95]]
[[ 95, 97, 96,133,135, 75, 71, 96, 84, 93],
 [127,121, 65, 58, 82, 67, 86, 92, 69, 95],
 [109,124,154,150,114, 69,112,112, 95, 93],
 [ 95, 97, 89,107,111, 70, 91, 92,101, 75],
 [ 99,113, 72, 91, 87, 83, 83, 95, 80, 72],
 [119, 96,108,105, 91, 76, 80, 77, 85, 64],
 [ 97,104, 96, 87,101, 82, 67, 71,132,108],
 [102,102, 97,106,102, 90, 64, 93,115,110],
 [ 94,114, 98,101, 93, 71, 80, 88,139, 81],
 [111,118, 90,100, 90, 82, 67, 60,130,154]]
[[ 84, 93,115,114,120,124,111,132, 88,100],
 [ 69, 95, 74, 60, 84, 85, 74, 67, 85, 86],
 [ 95, 93, 63, 69, 80, 74, 83, 70,140,165],
 [101, 75, 68, 69, 99, 75, 74, 80,161,162],
 [ 80, 72, 76, 84, 84,107, 80, 91,140,140],
 [ 85, 64, 59, 83,108, 93, 99, 70, 88,117],
 [132,108,127,115,112,133,127,134, 98,117],
 [115,110,140, 89,113,124, 93,101,116, 97],
 [139, 81, 84,117, 77, 93, 74,115,111, 94],
 [130,154,113,131, 91, 63, 66,122, 96, 92]]
[[ 88,100, 99,128, 73,109,122,122,116,219],
 [ 85, 86,103,130,133,112, 98, 96, 91,196],
 [140,165,106, 96,123,103, 95, 95, 93,196],
 [161,162,108,100, 97, 98, 94, 93, 91,194],
 [140,140,121,134,130, 93, 93, 92, 94,187],
 [ 88,117,100,139,111,105, 90, 91, 95,174],
 [ 98,117,113,156,117,108, 89, 92, 87,157],
 [116, 97, 99,124, 92,102, 86, 92, 88,124],
 [111, 94, 94, 87, 90, 99, 88, 88, 86, 95],
 [ 96, 92, 86, 90, 87, 87, 87, 86, 85, 91]]
[[116,219,212,127,121,111,109,104,101,101],
 [ 91,196,197, 96, 98, 97, 97, 97, 97,100],
 [ 93,196,200, 93, 93, 94, 93, 93, 92, 97],
 [ 91,194,200, 88, 92, 95, 94, 93, 93,101],
 [ 94,187,195, 91, 90, 94, 94, 92, 92,107],
 [ 95,174,193, 92, 90, 92, 91, 90, 89, 90],
 [ 87,157,199,110, 89, 88, 87, 86, 85, 92],
 [ 88,124,200,136, 87, 86, 85, 84, 85, 86],
 [ 86, 95,198,153, 86, 84, 84, 83, 84, 85],
 [ 85, 91,194,179, 88, 85, 85, 82, 83, 83]]
[[101,101,222,158,103,101,160,221,170,209],
 [ 97,100,207,198, 98,111,205,201,208,205],
 [ 92, 97,207,201,200,201,200,203,134,173],
 [ 93,101,107,202,205,205,149,206, 99,125],
 [ 92,107,104, 97,101, 87,131,208,148,145],
 [ 89, 90, 91, 97,100, 99,189,199,196,195],
 [ 85, 92, 88, 88, 89,183,207,190,188,161],
 [ 85, 86, 90, 95,184,201,184,189,197, 89],
 [ 84, 85, 88,189,201,188, 95,181,186,185],
 [ 83, 83,207,196,179, 76,209,202,126,188]]
[[170,209,223,181, 94,192, 93,188,127,136],
 [208,205,127,181, 93,199, 96,160,158,112],
 [134,173, 90,190, 91,198,125,143,171, 91],
 [ 99,125,104,126, 89,103, 93, 92, 97, 93],
 [148,145,147,149,164,168,180,179,178,182],
 [196,195,196,197,194,197,194,192,193,199],
 [188,161,162,164,158,149,146,139,132,119],
 [197, 89, 86, 82, 89, 78, 96, 85, 83, 83],
 [186,185,203,200,204,185, 83, 88, 86, 84],
 [126,188,187,184,189,198, 91, 81, 84, 83]]
[[127,136,186,101,208,214,103,107,105,102],
 [158,112,194, 89,204,205, 90, 96, 94, 95],
 [171, 91,198, 91,203,195, 90, 94, 95, 91],
 [ 97, 93, 88, 93,189,196,102, 95, 94, 94],
 [178,182,185,186,190,195,136, 91, 95, 94],
 [193,199,196,194,193,208,158, 90, 89, 92],
 [132,119,115,110,108,107,102, 88, 88, 88],
 [ 83, 83, 85, 86, 86, 92, 87, 84, 87, 86],
 [ 86, 84, 84, 83, 80,203,207, 81, 84, 89],
 [ 84, 83, 85, 86, 82,205,201, 88, 84, 90]]
[[ 94,114, 98,101, 93, 71, 80, 88,139, 81],
 [111,118, 90,100, 90, 82, 67, 60,130,154],
 [114,101,103,101,135,150,163,120,144,101],
 [102,100,104,138,138,141,136,133,100, 97],
 [120, 89,106,116,132,149,132,140,145,157],
 [116,121,103,105,103,148,107,104,127,150],
 [ 98,130,108,118,119,116,112, 98,122,116],
 [101,101,100,124,115,115, 98,122,152,128],
 [ 92,104,102,109, 89,142,145,109,139,118],
 [ 93,145,145,101, 83,136,144, 90,117, 97]]
[[139, 81, 84,117, 77, 93, 74,115,111, 94],
 [130,154,113,131, 91, 63, 66,122, 96, 92],
 [144,101, 97,114, 82, 74, 64,111, 98, 88],
 [100, 97, 92,135, 95, 64, 64,101, 90, 87],
 [145,157,102,115,132,101, 79, 96, 87, 85],
 [127,150,111,100,135,118, 88,100, 86, 90],
 [122,116, 91, 82, 76,128,128,110, 91, 87],
 [152,128, 73, 98,104,134,148,148, 83, 81],
 [139,118, 82,118,138,125, 93, 98,144, 90],
 [117, 97,114,107,116,123, 94, 83,129, 97]]
[[111, 94, 94, 87, 90, 99, 88, 88, 86, 95],
 [ 96, 92, 86, 90, 87, 87, 87, 86, 85, 91],
 [ 98, 88, 95, 94, 94, 92, 90, 89, 90, 82],
 [ 90, 87, 94,112,115,104,105,107,110,101],
 [ 87, 85, 88, 86, 84, 86, 87, 86, 84, 84],
 [ 86, 90, 96, 84, 72, 65, 63, 61, 58, 60],
 [ 91, 87, 80, 85, 81, 81, 81, 82, 83, 90],
 [ 83, 81, 73, 81, 79, 71, 71, 73, 74, 84],
 [144, 90, 76, 79, 76, 72, 71, 72, 73, 73],
 [129, 97, 68, 72, 71, 71, 71, 71, 71, 74]]
[[ 86, 95,198,153, 86, 84, 84, 83, 84, 85],
 [ 85, 91,194,179, 88, 85, 85, 82, 83, 83],
 [ 90, 82,199,189, 79, 83, 78, 88, 78,145],
 [110,101,212,219, 99,110,118,118,222,240],
 [ 84, 84,185,195, 87, 90,128,205,198,172],
 [ 58, 60,107,128, 59,106,153,153, 87, 95],
 [ 83, 90, 98, 85,131,178,194,131, 75, 77],
 [ 74, 84, 79,134,194,186,110, 77, 76, 80],
 [ 73, 73, 84,183,171,110, 77, 79, 79, 75],
 [ 71, 74, 75,167,172, 69, 75, 75, 70, 88]]
[[ 84, 85, 88,189,201,188, 95,181,186,185],
 [ 83, 83,207,196,179, 76,209,202,126,188],
 [ 78,145,177,172, 65,133,167,129, 98, 92],
 [222,240,208,106,172,228,230,102, 92, 99],
 [198,172, 99,160,209,175, 72, 92, 87, 91],
 [ 87, 95, 85,148,109, 81, 83, 86,130,197],
 [ 75, 77, 78, 88, 73, 79, 75,117,180,164],
 [ 76, 80, 76, 81, 77, 80, 73,176,187, 67],
 [ 79, 75, 77, 77, 73, 77, 96,177,112, 79],
 [ 70, 88,164,182,112, 78,117,179, 77, 78]]
[[186,185,203,200,204,185, 83, 88, 86, 84],
 [126,188,187,184,189,198, 91, 81, 84, 83],
 [ 98, 92, 89, 97,107,103,108,109, 99,100],
 [ 92, 99, 97, 91, 82, 90, 88,151,213, 79],
 [ 87, 91, 84, 88, 92, 85, 85,165,207, 73],
 [130,197,179,156,124, 84, 84, 95,175,100],
 [180,164,175,158, 91, 76, 78, 75,176,134],
 [187, 67, 75, 70,167, 89, 75, 70,175,165],
 [112, 79,176,181,180,105, 75, 74,174,184],
 [ 77, 78,179,150,166,104, 74, 73,150,150]]
[[ 86, 84, 84, 83, 80,203,207, 81, 84, 89],
 [ 84, 83, 85, 86, 82,205,201, 88, 84, 90],
 [ 99,100,100,102,100,180,214,138,100,103],
 [213, 79, 84, 86, 85,141,203,145, 98, 89],
 [207, 73, 77, 72, 66, 83,147, 89, 62, 62],
 [175,100, 80, 73, 79, 82,168,150, 77, 79],
 [176,134, 73, 73, 72, 84,166,138, 75, 75],
 [175,165, 75, 75, 72,127,171,113, 76, 78],
 [174,184, 65, 74, 67,185,170, 73, 74, 75],
 [150,150, 69, 78, 86,173,164, 85, 77, 74]]
[[ 92,104,102,109, 89,142,145,109,139,118],
 [ 93,145,145,101, 83,136,144, 90,117, 97],
 [ 93,154,120, 97,156,139,131,129,151, 81],
 [ 98,124, 78, 88,153,148,122,104,105, 88],
 [110, 98, 98,127,147,127,179, 96, 95,102],
 [106,105, 91,142,114,113, 80,106,134,129],
 [178, 94, 89,107,121,110,116, 91,120, 85],
 [139, 84, 86,119,115,113,152,130,130,138],
 [126, 98,113,118,144,157,162,141,132,141],
 [201, 94, 94,182,179,172,158,127,127,119]]
[[139,118, 82,118,138,125, 93, 98,144, 90],
 [117, 97,114,107,116,123, 94, 83,129, 97],
 [151, 81,136,133,123, 94, 92, 77, 91, 87],
 [105, 88, 97,110,123, 83, 83, 79, 79, 78],
 [ 95,102,133,109,116, 86, 74, 75, 76, 73],
 [134,129,127, 92, 98, 84, 77, 83, 76, 67],
 [120, 85, 89, 95,125,118, 75, 76, 75, 65],
 [130,138,104,108,133,123, 81, 97, 82, 60],
 [132,141,149,127,100,108,105,137,133, 56],
 [127,119,126,175,172,114,120,105,129, 65]]
[[144, 90, 76, 79, 76, 72, 71, 72, 73, 73],
 [129, 97, 68, 72, 71, 71, 71, 71, 71, 74],
 [ 91, 87, 68, 71, 71, 70, 70, 70, 70, 73],
 [ 79, 78, 70, 70, 67, 68, 68, 68, 69, 71],
 [ 76, 73, 71, 71, 69, 67, 67, 67, 67, 69],
 [ 76, 67, 68, 71, 68, 66, 67, 66, 65, 67],
 [ 75, 65, 66, 70, 66, 65, 66, 65, 65, 73],
 [ 82, 60, 67, 69, 64, 63, 64, 65, 64, 72],
 [133, 56, 68, 68, 63, 63, 63, 64, 63, 67],
 [129, 65, 69, 68, 68, 65, 62, 64, 61, 66]]
[[ 73, 73, 84,183,171,110, 77, 79, 79, 75],
 [ 71, 74, 75,167,172, 69, 75, 75, 70, 88],
 [ 70, 73, 72,161,164, 69, 73, 70, 81,167],
 [ 69, 71, 75,148,160, 85, 70, 69, 81,163],
 [ 67, 69, 72,121,165,106, 69, 69, 69,165],
 [ 65, 67, 68, 83,159,128, 64, 68, 67,168],
 [ 65, 73, 67, 65,154,150, 69, 65, 68,154],
 [ 64, 72, 71, 64,156,151, 66, 65, 65,133],
 [ 63, 67, 69, 61,143,166, 99, 66, 65, 71],
 [ 61, 66, 70, 69, 83,154,155, 70, 74, 67]]
[[ 79, 75, 77, 77, 73, 77, 96,177,112, 79],
 [ 70, 88,164,182,112, 78,117,179, 77, 78],
 [ 81,167,174,165,152, 73,103,165,117, 76],
 [ 81,163,111,161,160, 69, 72,169,169,131],
 [ 69,165,168,160,166, 72, 72,113,166,174],
 [ 67,168,161, 82,160, 83, 72, 74, 72, 93],
 [ 68,154,161,164,163, 67, 68, 67, 67, 68],
 [ 65,133,170,158, 92, 67, 70, 68, 66, 65],
 [ 65, 71, 81, 69, 69, 67, 67, 67, 67, 70],
 [ 74, 67, 72, 69, 63, 98,124, 60, 66,199]]
[[112, 79,176,181,180,105, 75, 74,174,184],
 [ 77, 78,179,150,166,104, 74, 73,150,150],
 [117, 76, 82,170,169, 70, 70, 71, 67, 74],
 [169,131,153,180,168, 68, 68, 70, 70, 72],
 [166,174,169,135, 67, 68, 69, 68, 69, 65],
 [ 72, 93, 77, 77, 75, 73, 73, 74, 65,168],
 [ 67, 68, 66, 79, 73, 75, 77, 74,161,163],
 [ 66, 65, 85,164,210,152, 74,163,151,148],
 [ 67, 70,158,190,222,158,158,164,151, 68],
 [ 66,199,209,205,210,209,119,142, 82, 66]]
[[174,184, 65, 74, 67,185,170, 73, 74, 75],
 [150,150, 69, 78, 86,173,164, 85, 77, 74],
 [ 67, 74, 80, 63,164,166, 93, 75, 73, 70],
 [ 70, 72, 66,154,165,164, 65, 76, 65, 68],
 [ 69, 65,160,159,167, 78, 72, 69, 68, 65],
 [ 65,168,167,157, 65, 65, 64, 64, 65, 66],
 [161,163,169, 66, 66, 65, 64, 64, 63, 70],
 [151,148, 70, 72, 69, 64, 63, 61, 61, 68],
 [151, 68, 63, 61, 65, 61, 60, 61, 61, 66],
 [ 82, 66, 62, 64, 61, 62, 62, 60, 69, 46]]
[[126, 98,113,118,144,157,162,141,132,141],
 [201, 94, 94,182,179,172,158,127,127,119],
 [173,104,190,210,184,161,147,119,172,101],
 [169,144,198,188,179,176,152,128,160,102],
 [180,142,205,180,174,160,136,120,145,117],
 [181,169,194,181,154,128,136,121,143,147],
 [170,163,176,164,124,125,133,129,113,160],
 [141,172,158,132,145,143,135,107,102,125],
 [164,150,153,129,137,132,120,114, 91, 79],
 [156,176,159,148,128,119,111,112,140,103]]
[[132,141,149,127,100,108,105,137,133, 56],
 [127,119,126,175,172,114,120,105,129, 65],
 [172,101,121,123,166,160,105, 82, 89, 64],
 [160,102, 98,109,136,162,142, 96, 84, 65],
 [145,117,101, 87,115,151,153,101, 78, 67],
 [143,147,134,109, 96,137,151,144,150,129],
 [113,160,107,128,104, 86,148,164,161,152],
 [102,125,121, 74,113, 77,116,155,174,175],
 [ 91, 79, 69, 47, 84,119,127,101,143,139],
 [140,103, 67, 95, 54,102,143,142,115,142]]
[[133, 56, 68, 68, 63, 63, 63, 64, 63, 67],
 [129, 65, 69, 68, 68, 65, 62, 64, 61, 66],
 [ 89, 64, 68, 67, 67, 67, 62, 63, 64, 62],
 [ 84, 65, 65, 66, 71, 64, 61, 62, 62, 59],
 [ 78, 67, 91, 61, 66, 62, 64, 65, 59, 64],
 [150,129, 96, 94, 62, 70, 77,144, 89,100],
 [161,152, 88, 84, 95, 87, 93,147,101, 68],
 [174,175,168, 62,115,136,101,106, 83, 77],
 [143,139,160,127, 66, 91, 86,132, 84, 72],
 [115,142,125,133,119, 96,126,126, 86, 74]]
[[ 63, 67, 69, 61,143,166, 99, 66, 65, 71],
 [ 61, 66, 70, 69, 83,154,155, 70, 74, 67],
 [ 64, 62, 62, 63, 62,141,152,152, 87, 71],
 [ 62, 59, 62, 64, 60, 66,143,150,145,152],
 [ 59, 64, 79, 82, 67, 70, 61,137,142,144],
 [ 89,100,108,111,110, 84, 62, 55,108,115],
 [101, 68, 61, 87, 87,112,115,109,149,115],
 [ 83, 77, 89, 93, 60, 68, 78, 98,105,123],
 [ 84, 72, 62, 70, 95,104,101, 98, 78,103],
 [ 86, 74, 69,101,105, 71, 79, 77, 57, 63]]
[[ 65, 71, 81, 69, 69, 67, 67, 67, 67, 70],
 [ 74, 67, 72, 69, 63, 98,124, 60, 66,199],
 [ 87, 71, 66, 81,115, 98,104,104,207,219],
 [145,152,156,150,134,146,154,139,170,144],
 [142,144,129,147,131,139,153,164,134,204],
 [108,115,102,111, 96,105,127,163,202,194],
 [149,115,121, 68, 65, 63, 96,159,187,199],
 [105,123,133,100, 61, 67, 90,120,167, 87],
 [ 78,103, 73,110,108,119,151,119,201,150],
 [ 57, 63, 86, 73, 83, 68,131, 71,200,192]]
[[ 67, 70,158,190,222,158,158,164,151, 68],
 [ 66,199,209,205,210,209,119,142, 82, 66],
 [207,219,168,180,169,202,193,115,113, 69],
 [170,144,121, 99, 74, 78,167,137,114, 95],
 [134,204,198,195,170,100,121,141, 91,111],
 [202,194,173,180,184,175, 73, 97,110,124],
 [187,199,194,199,146,142,103, 79, 80,116],
 [167, 87,176,112, 96,106,142, 55, 61, 88],
 [201,150,207,140,131,152,137, 57, 50, 82],
 [200,192,210,144,161,157,125, 73, 79, 93]]
[[151, 68, 63, 61, 65, 61, 60, 61, 61, 66],
 [ 82, 66, 62, 64, 61, 62, 62, 60, 69, 46],
 [113, 69, 67, 62, 62, 60, 63, 64, 65, 22],
 [114, 95, 65, 64, 63, 59, 62, 64, 59, 30],
 [ 91,111, 68, 59, 59, 58, 59, 60, 44, 30],
 [110,124, 89, 64, 68, 58, 63, 66, 40, 22],
 [ 80,116,119, 85, 65, 60, 67, 51, 33, 24],
 [ 61, 88,132, 77, 71, 57, 61, 28, 37, 30],
 [ 50, 82,141,110, 67, 57, 62, 27, 25, 25],
 [ 79, 93,122,141,102, 60, 66, 34, 26, 29]]
[[164,150,153,129,137,132,120,114, 91, 79],
 [156,176,159,148,128,119,111,112,140,103],
 [180,193,161,170,136,129,113, 50,141,140],
 [188,146,162,152,139,116,108, 37, 37,124],
 [129, 96,107,110,109, 98, 33, 46, 52, 68],
 [ 60, 70, 63, 65, 49, 42, 62, 59, 83, 48],
 [ 52, 51, 58, 76, 76, 50, 61, 71, 29, 61],
 [ 66, 45, 49, 76,103, 48, 34, 24, 27, 27],
 [ 73, 57, 75, 57, 23, 17, 31, 22, 31, 34],
 [ 48, 62, 77, 94, 23, 24, 53, 49, 43, 54]]
[[ 91, 79, 69, 47, 84,119,127,101,143,139],
 [140,103, 67, 95, 54,102,143,142,115,142],
 [141,140,125,126, 73, 38, 91,131, 89,112],
 [ 37,124,128,127, 71, 95, 73, 68, 62, 54],
 [ 52, 68,124,146, 77, 87, 70, 52, 48, 64],
 [ 83, 48,130,112, 56, 38, 39, 42, 31, 44],
 [ 29, 61, 68, 41, 30, 27, 23, 21, 34, 27],
 [ 27, 27, 21, 49, 45, 39, 37, 26, 35, 30],
 [ 31, 34, 40, 39, 54, 51, 46, 46, 34, 22],
 [ 43, 54, 59, 52, 57, 48, 47, 49, 46, 41]]
[[143,139,160,127, 66, 91, 86,132, 84, 72],
 [115,142,125,133,119, 96,126,126, 86, 74],
 [ 89,112,135, 91,120,104,113, 79, 99, 81],
 [ 62, 54, 64, 76, 98,118,106, 97, 81, 79],
 [ 48, 64, 45, 71, 69,132,106,123, 59, 78],
 [ 31, 44, 46, 50, 77, 71, 81,117,137, 54],
 [ 34, 27, 39, 40, 58,146,158,113, 84, 48],
 [ 35, 30, 31, 78, 90, 87,185,114,106, 57],
 [ 34, 22, 23, 89, 91, 84,118,190,126, 81],
 [ 46, 41, 32,138,106,109, 56,136,200, 77]]
[[ 84, 72, 62, 70, 95,104,101, 98, 78,103],
 [ 86, 74, 69,101,105, 71, 79, 77, 57, 63],
 [ 99, 81,110,119,120, 72,110, 86, 68, 61],
 [ 81, 79, 96,137,115, 98,107, 78, 68, 85],
 [ 59, 78, 60, 64, 95, 90,128,105, 90,119],
 [137, 54,100,124,110, 67, 81, 84, 64, 77],
 [ 84, 48, 71, 90,103, 89,120,112, 39, 70],
 [106, 57, 88,120, 81, 86,101,113, 72,122],
 [126, 81, 85, 66, 80, 75, 81,103, 54, 52],
 [200, 77,124,133,154,143,138,145,152,142]]
[[ 78,103, 73,110,108,119,151,119,201,150],
 [ 57, 63, 86, 73, 83, 68,131, 71,200,192],
 [ 68, 61, 60, 55, 61, 84,129,106,169,209],
 [ 68, 85,123, 84, 58, 81,137,123,118,193],
 [ 90,119, 88,105,154, 95,152,115, 74,210],
 [ 64, 77, 59, 61, 79, 97,204,113, 34,177],
 [ 39, 70, 62, 53, 50,173,202,116, 39,174],
 [ 72,122, 69, 67,114,184,169,113, 52,128],
 [ 54, 52, 52, 44, 36,171,146, 72, 56, 44],
 [152,142,109, 97,166,199,127, 58, 55, 39]]
[[201,150,207,140,131,152,137, 57, 50, 82],
 [200,192,210,144,161,157,125, 73, 79, 93],
 [169,209,214,202,206,123,102, 85,128,120],
 [118,193,199,240,230,114,102,137,128,131],
 [ 74,210,201,195,197,138, 62,121,121,132],
 [ 34,177,197,176,159,190, 85,114,146,139],
 [ 39,174,172,160,176,163, 97,127,161,153],
 [ 52,128,202,158, 93, 70, 94,146,154,151],
 [ 56, 44,122, 63, 51, 76, 59,115,119,152],
 [ 55, 39, 72, 48, 32, 51, 49, 55,133,146]]
[[ 50, 82,141,110, 67, 57, 62, 27, 25, 25],
 [ 79, 93,122,141,102, 60, 66, 34, 26, 29],
 [128,120,138,171,157, 73, 43, 32, 23, 30],
 [128,131,159,177,178,173,132, 43, 34, 30],
 [121,132,162,151,155,144,129, 50, 36, 37],
 [146,139,161,142, 98,147, 72, 48, 25, 22],
 [161,153,154,128, 88, 98, 83, 45, 66, 36],
 [154,151,101,139, 80, 97, 88, 68, 70, 64],
 [119,152, 91,107, 53, 63, 53, 52, 29, 41],
 [133,146, 66, 38, 36, 32, 63, 69, 37, 36]]
[[ 73, 57, 75, 57, 23, 17, 31, 22, 31, 34],
 [ 48, 62, 77, 94, 23, 24, 53, 49, 43, 54],
 [101, 76, 82,143, 83, 52, 59, 48, 54, 50],
 [ 64, 74, 72,178, 72, 60, 67, 41, 44, 50],
 [ 81,113, 87, 49, 57, 64, 40, 28, 45, 46],
 [ 98, 77, 55, 51, 47, 47, 35, 53, 60, 46],
 [ 58, 60, 46, 60, 57, 41, 30, 52, 54, 59],
 [ 63, 61, 42, 45, 43, 36, 34, 50, 60, 63],
 [ 94,130, 39, 39, 43, 33, 25, 69, 65, 52],
 [169, 93, 58, 53, 41, 40, 29, 56, 56, 67]]
[[ 31, 34, 40, 39, 54, 51, 46, 46, 34, 22],
 [ 43, 54, 59, 52, 57, 48, 47, 49, 46, 41],
 [ 54, 50, 37, 65, 56, 47, 50, 53, 53, 56],
 [ 44, 50, 70, 56, 55, 53, 51, 48, 48, 58],
 [ 45, 46, 49, 68,130, 51, 56, 56, 55, 41],
 [ 60, 46, 48, 85,237,232, 63, 48, 55, 55],
 [ 54, 59, 58, 62, 50, 52, 48, 34, 45, 36],
 [ 60, 63, 59, 59, 52, 48, 45, 47, 45, 31],
 [ 65, 52, 40, 45, 53, 55, 52, 52, 38, 34],
 [ 56, 67, 68, 74, 66, 40, 46, 46, 40, 21]]
[[ 34, 22, 23, 89, 91, 84,118,190,126, 81],
 [ 46, 41, 32,138,106,109, 56,136,200, 77],
 [ 53, 56, 23, 91,104,118,143,113,171,186],
 [ 48, 58,184,177,188,168,181,172, 80,174],
 [ 55, 41,187,189,198,182,185,198,104, 83],
 [ 55, 55,146,191,186,199,204,209,168,152],
 [ 45, 36, 85,198,200,135, 83, 49, 81,229],
 [ 45, 31, 39,124, 84, 30, 29, 31, 44, 98],
 [ 38, 34, 36, 65, 51, 29, 45, 47, 38,152],
 [ 40, 21, 42, 53, 64, 53, 53, 35, 23, 88]]
[[126, 81, 85, 66, 80, 75, 81,103, 54, 52],
 [200, 77,124,133,154,143,138,145,152,142],
 [171,186,149,144,149,166,179,162,141,100],
 [ 80,174,180,191,203,200,177,104, 73,139],
 [104, 83,189,189,152,104, 57, 78,107,127],
 [168,152,115,189,179, 47, 34, 73,123,139],
 [ 81,229,175,134,201,149, 69, 51,100,145],
 [ 44, 98,115,156,112,193,142,155,102,136],
 [ 38,152,217,122,121,120,193, 59,115,135],
 [ 23, 88,153,221,124,104,226,229,123,115]]
[[ 54, 52, 52, 44, 36,171,146, 72, 56, 44],
 [152,142,109, 97,166,199,127, 58, 55, 39],
 [141,100,136,131,198,166,104, 53, 54, 40],
 [ 73,139,143,151,170,160, 86, 58, 36, 56],
 [107,127,135,142,156,175, 71, 53, 42,102],
 [123,139,128,112,143,119, 60, 52, 40,129],
 [100,145,133,100,139,136,224, 57, 60,124],
 [102,136,128, 50,227,182,224,125,135,138],
 [115,135, 97, 76,226,232,215, 52,163, 95],
 [123,115, 76, 92,128,167, 59, 67,148, 57]]
[[ 56, 44,122, 63, 51, 76, 59,115,119,152],
 [ 55, 39, 72, 48, 32, 51, 49, 55,133,146],
 [ 54, 40, 54, 53, 62, 60, 59, 62,117,121],
 [ 36, 56, 81, 84, 77, 26, 51, 57, 74, 46],
 [ 42,102, 64, 87, 54, 55, 62, 63, 81, 87],
 [ 40,129, 68, 39, 51, 44, 39, 34, 50, 72],
 [ 60,124, 60, 34, 29, 27, 27, 44, 44, 42],
 [135,138, 49, 40, 26, 29, 42, 48, 40, 52],
 [163, 95, 63, 63, 30, 43, 47, 42, 41, 41],
 [148, 57, 68, 54, 34, 42, 41, 36, 38, 55]]
[[119,152, 91,107, 53, 63, 53, 52, 29, 41],
 [133,146, 66, 38, 36, 32, 63, 69, 37, 36],
 [117,121, 29, 70, 67, 72, 63, 71,200,245],
 [ 74, 46, 65, 71, 64, 64, 65, 66,190,238],
 [ 81, 87, 38, 39, 29, 93,120,200,136,170],
 [ 50, 72, 56, 79,114,117, 69,210,181,118],
 [ 44, 42, 53, 36, 77, 82, 87, 90,107, 89],
 [ 40, 52, 41, 44, 65, 75,188,178, 86,118],
 [ 41, 41, 52, 67, 55, 54,236,236,239,238],
 [ 38, 55, 53, 56, 49,131,233,224,215,221]]
[[ 94,130, 39, 39, 43, 33, 25, 69, 65, 52],
 [169, 93, 58, 53, 41, 40, 29, 56, 56, 67],
 [142,128,131,101,120,118,119,121,125,122],
 [ 95, 98, 99,107,111,109,104,106,107,109],
 [105, 93, 95, 97,106,102,102,101,101,112],
 [ 94, 93, 94, 97, 98, 98, 99, 99, 98,107],
 [ 97, 91, 93, 96, 97, 99, 98, 98, 98,110],
 [ 96, 88, 91, 93, 96, 99, 99,100,101,109],
 [ 93, 87, 89, 92, 93, 97, 98,100,104,108],
 [ 99,102, 99, 93, 99, 96, 98,102,104, 98]]
[[ 65, 52, 40, 45, 53, 55, 52, 52, 38, 34],
 [ 56, 67, 68, 74, 66, 40, 46, 46, 40, 21],
 [125,122, 31, 55, 65, 61, 46, 38, 38, 16],
 [107,109, 67, 60, 39, 47, 44, 37, 35, 25],
 [101,112, 43, 55, 56, 47, 40, 30, 23, 22],
 [ 98,107, 40, 29, 36, 31, 32, 25, 21, 48],
 [ 98,110, 50, 32, 31, 28, 27, 23, 12,107],
 [101,109, 59, 27, 18, 24, 23, 17, 19, 97],
 [104,108, 66, 24, 22, 18, 14, 18, 17, 41],
 [104, 98, 73, 19, 19, 13, 15, 20, 25, 29]]
[[ 38, 34, 36, 65, 51, 29, 45, 47, 38,152],
 [ 40, 21, 42, 53, 64, 53, 53, 35, 23, 88],
 [ 38, 16, 53, 63,103, 59,153, 90,104,121],
 [ 35, 25, 64,125,134, 29,120, 26,135,156],
 [ 23, 22,141,144,119, 20, 84, 95,145,150],
 [ 21, 48,152,138, 55, 25, 24, 47, 49, 32],
 [ 12,107,155, 51, 43, 33, 37,125, 86, 66],
 [ 19, 97, 70, 35, 43, 52, 25,124,131,152],
 [ 17, 41, 42, 45, 58, 67, 38, 93, 93, 90],
 [ 25, 29, 38, 52, 61, 68, 35,176,139,145]]
[[ 38,152,217,122,121,120,193, 59,115,135],
 [ 23, 88,153,221,124,104,226,229,123,115],
 [104,121,125,167,192,102,174,224,229,197],
 [135,156,179,167,155,217, 95,157,198,196],
 [145,150,126,230,156,159,160,204,196,167],
 [ 49, 32, 33, 46,192,168,205,178,153,138],
 [ 86, 66, 76, 44, 84,155,139,146,119, 92],
 [131,152,149,172,185,213,183,139, 87,113],
 [ 93, 90, 93, 92, 70, 82, 84, 61, 38, 12],
 [139,145,139,168,169, 67, 90, 71, 38, 23]]
[[115,135, 97, 76,226,232,215, 52,163, 95],
 [123,115, 76, 92,128,167, 59, 67,148, 57],
 [229,197, 66, 70, 72, 68, 60,111,134, 72],
 [198,196,125, 75, 54, 57, 57,124, 86, 61],
 [196,167,196, 77, 50, 51, 45,132, 75, 44],
 [153,138,221,216, 47, 53, 51,119, 50, 34],
 [119, 92,103,205,207, 57, 43,114, 38, 47],
 [ 87,113, 96, 30,204,160, 42,125, 36, 51],
 [ 38, 12, 20, 35, 55,170, 34,129, 31, 49],
 [ 38, 23, 16, 29, 36, 35, 33,124, 36, 55]]
[[163, 95, 63, 63, 30, 43, 47, 42, 41, 41],
 [148, 57, 68, 54, 34, 42, 41, 36, 38, 55],
 [134, 72, 56, 50, 30, 31, 29, 29, 34, 40],
 [ 86, 61, 56, 43, 36, 34, 26, 26, 30, 51],
 [ 75, 44, 53, 34, 47, 35, 25, 26, 31, 35],
 [ 50, 34, 54, 31, 43, 36, 18, 23, 24, 34],
 [ 38, 47, 54, 42, 54, 29, 26, 17, 20, 13],
 [ 36, 51, 45, 57, 55, 36, 27, 20, 13, 10],
 [ 31, 49, 33, 63, 43, 35, 28, 24, 22, 14],
 [ 36, 55, 50, 58, 37, 34, 29, 26, 18, 22]]
[[ 41, 41, 52, 67, 55, 54,236,236,239,238],
 [ 38, 55, 53, 56, 49,131,233,224,215,221],
 [ 34, 40, 39, 45,143,224,224,226,206,212],
 [ 30, 51, 30, 39,244,237,215,223,221,215],
 [ 31, 35, 32, 24,216,233,218,223,229,224],
 [ 24, 34, 30, 16,230,208,218,213,235,228],
 [ 20, 13, 13, 10,215,221,235,220,213,206],
 [ 13, 10, 12, 12,219,204,214,217,221,211],
 [ 22, 14, 12, 16,128,214,218,231,216,234],
 [ 18, 22, 16, 21, 68,223,227,222,223,219]]
[[ 93, 87, 89, 92, 93, 97, 98,100,104,108],
 [ 99,102, 99, 93, 99, 96, 98,102,104, 98],
 [ 93, 96, 92, 99, 94, 93, 96,102,105,115],
 [231,213,116, 93, 93, 94, 96, 99,102,123],
 [228,224,211, 94,101, 92, 95,100,105,120],
 [227,215,225, 85, 93, 93, 93, 94,101,111],
 [234,219,123,102, 97, 90, 94, 95, 96,111],
 [219,121, 94, 97, 99, 91, 92, 94, 99,107],
 [197,129,126,100, 91, 88, 90, 91, 95,103],
 [239,124,242,208, 89, 88, 87, 92, 92,103]]
[[104,108, 66, 24, 22, 18, 14, 18, 17, 41],
 [104, 98, 73, 19, 19, 13, 15, 20, 25, 29],
 [105,115, 82, 15, 15, 12, 15, 15, 16, 37],
 [102,123, 85, 18, 18, 19, 18, 17, 17, 53],
 [105,120, 87, 20, 27, 25, 28, 27, 27, 73],
 [101,111, 98, 24, 23, 23, 27, 32, 29, 80],
 [ 96,111,103, 23, 23, 27, 21, 27, 24, 85],
 [ 99,107,107, 20, 23, 18, 25, 25, 24, 85],
 [ 95,103,109, 17, 21, 17, 19, 26, 28, 84],
 [ 92,103,109, 18, 22, 21, 24, 26, 19, 80]]
[[ 17, 41, 42, 45, 58, 67, 38, 93, 93, 90],
 [ 25, 29, 38, 52, 61, 68, 35,176,139,145],
 [ 16, 37, 53, 61, 71, 82, 39,111,120,138],
 [ 17, 53, 64, 67, 73, 87, 35, 33, 48, 32],
 [ 27, 73, 70, 79, 83, 85, 40, 49, 59, 64],
 [ 29, 80, 79, 84, 81, 76, 84, 87, 86, 87],
 [ 24, 85, 81, 80, 76, 74, 74, 75, 76, 82],
 [ 24, 85, 78, 78, 79, 74, 74, 75, 77, 85],
 [ 28, 84, 80, 75, 79, 76, 76, 78, 77, 99],
 [ 19, 80,152,132,124, 78, 78, 79, 92,158]]
[[ 93, 90, 93, 92, 70, 82, 84, 61, 38, 12],
 [139,145,139,168,169, 67, 90, 71, 38, 23],
 [120,138,138,165,147, 64, 86, 74, 35, 27],
 [ 48, 32, 45, 62, 68, 61, 71, 85, 45, 18],
 [ 59, 64, 72, 83,104, 69, 81, 93, 77, 15],
 [ 86, 87, 99,121,109, 91, 76,112, 85,123],
 [ 76, 82,102,105, 83, 76, 79, 87, 98, 93],
 [ 77, 85,107, 97, 75, 77, 86, 82, 49,165],
 [ 77, 99,106, 89, 73, 78, 86, 94, 60,152],
 [ 92,158, 92,131, 76, 75, 90, 93, 94, 47]]
[[ 38, 12, 20, 35, 55,170, 34,129, 31, 49],
 [ 38, 23, 16, 29, 36, 35, 33,124, 36, 55],
 [ 35, 27, 19, 36, 36, 37, 35,118, 48, 48],
 [ 45, 18, 21, 39, 37, 32, 38,128, 50, 51],
 [ 77, 15, 24, 41, 44, 41, 41,131, 44, 49],
 [ 85,123, 82, 42, 41, 43, 45,121, 47, 38],
 [ 98, 93, 95, 39, 42, 45, 58, 99, 51, 36],
 [ 49,165, 59, 39, 45, 37, 95, 98, 47, 37],
 [ 60,152, 66, 49, 42, 43,103, 75, 42, 36],
 [ 94, 47, 53, 49, 42, 46,119, 60, 40, 39]]
[[31,49,33,63,43,35,28,24,22,14],
 [36,55,50,58,37,34,29,26,18,22],
 [48,48,58,56,35,35,31,30,27,25],
 [50,51,55,40,33,36,32,30,28,27],
 [44,49,46,30,33,34,31,30,28,27],
 [47,38,35,34,36,35,33,29,25,25],
 [51,36,36,36,35,35,34,31,26,28],
 [47,37,34,36,39,34,33,30,25,28],
 [42,36,37,39,37,39,33,28,28,25],
 [40,39,37,37,35,35,30,29,27,22]]
[[ 22, 14, 12, 16,128,214,218,231,216,234],
 [ 18, 22, 16, 21, 68,223,227,222,223,219],
 [ 27, 25, 18, 26, 17,240,225,226,227,224],
 [ 28, 27, 24, 26, 23,219,219,227,222,222],
 [ 28, 27, 28, 20, 23,116,236,224,223,215],
 [ 25, 25, 29, 25, 23, 22,104,225,235,232],
 [ 26, 28, 26, 26, 20, 23, 75,148, 24, 31],
 [ 25, 28, 23, 24, 21, 34, 85,138, 21,101],
 [ 28, 25, 23, 22, 22, 27, 75, 87, 46,200],
 [ 27, 22, 23, 22, 20, 26, 41, 71, 51,195]]
[[197,129,126,100, 91, 88, 90, 91, 95,103],
 [239,124,242,208, 89, 88, 87, 92, 92,103],
 [231,216,238,235, 93, 88, 88, 92, 92,102],
 [228,226,190,227, 94, 88, 88, 88, 92, 97],
 [227,123,105,224, 90, 86, 87, 85, 89, 92],
 [207,141, 96,208, 97, 85, 86, 88, 89, 95],
 [132, 92, 94, 82, 89, 84, 86, 88, 89, 92],
 [225,101, 89, 84, 91, 85, 86, 88, 89, 92],
 [192,162, 94, 90, 86, 85, 86, 87, 88, 92],
 [224,111, 89, 97, 85, 88, 96, 87, 96,103]]
[[ 95,103,109, 17, 21, 17, 19, 26, 28, 84],
 [ 92,103,109, 18, 22, 21, 24, 26, 19, 80],
 [ 92,102,110, 24, 24, 22, 21, 20, 15,176],
 [ 92, 97,107, 26, 26, 20, 20, 22, 21,166],
 [ 89, 92,106, 24, 24, 17, 20, 21, 20, 86],
 [ 89, 95, 97, 16, 28, 32, 21, 21, 18,107],
 [ 89, 92,102, 18, 22, 23, 21, 17, 22,189],
 [ 89, 92,101, 20, 30, 29, 23, 28, 25,163],
 [ 88, 92,110, 31, 34, 30, 31, 30, 21,107],
 [ 96,103,113, 33, 33, 27, 23, 24, 27,164]]
