0.04038502025699585
-0.009552594930165546
0.19032644638154728
0.2862424245971706
-0.14055909385289522
0.35966139898498267
-0.03367515851842949
-0.157027003013592
-0.030103114706022283
0.12333819164246172
-0.11133216070851237
0.04480172473753375
0.10557599522044378
0.11626957148133747
0.1299411054811304
-0.01718674562350367
-0.18722055239255495
0.02837522793118153
0.17523931804915363
-0.03962574787160424
-0.0646268036717447
-0.0027903736997785637
0.0074458483950564265
0.13777057526904635
-0.08485370128532194
-0.012819466641402925
0.06694766943132036
0.15546439688044922
-0.005706962488592919
-0.04605916752699098
-0.07570222090066352
0.1410780371008201
0.10336545799891231
0.008623038838181834
0.004333720783094831
0.012615763955562905
0.1857608436051746
-0.09773291646309946
0.05918632191110201
0.13854775151721888
-0.048641943499183354
0.18905891878110395
-0.014202901898099078
-0.1837266785328792
0.08662655947313117
0.2110922032883873
-0.16487773764876523
-0.07987374499834025
0.11196717695931796
-0.02270803936995419
0.08437541365539847
-0.049439964049820415
0.016919149333718988
0.02438574730969713
0.21820200462141304
0.007948196292083778
-0.039183696407739124
-0.06563958480815552
0.10970607237657658
0.09314074257616431
-0.007545015865214479
0.029546673878575444
0.0618990773286057
0.06630186480919686
-0.06045776571255884
-0.005785047536124431
0.03082018406459662
0.28249936961153105
0.020720805905029206
0.009624652667120488
0.03858594265956988
0.020818897323732617
0.20931970157641483
-0.1631236496646252
-0.08028784566956676
0.14160242069903264
0.0030081107213911495
0.08519358486814646
-0.05015951378904557
0.0011856600549291357
-0.01891661836328479
0.22280894676010887
-0.18534769577393354
0.01537373674997905
0.10263645521504389
0.09509958697773468
-0.016277327598731267
-0.16263016387188703
-0.016238221018066223
-0.029165345375833263
0.05376903204647061
-0.07586034534368583
-0.017107436831145025
0.0502042533834225
0.24552591899970228
-0.0031769605161735825
-0.033196922633138455
0.017479279015278876
-0.07303492373313718
0.08707743149239733
0.00946572655009486
-0.09546316564699149
0.11438514406534947
0.17585571722783006
0.0639944250364868
0.0397354408400514
-0.11936018658438069
0.06599647569253987
0.252836004182931
-0.17832721360064696
0.003289025311974024
0.09587125504705456
0.10234075587659726
-0.018312336666875123
-0.1282465838666466
0.02353696240411724
-0.005065541404283905
0.11082376735783604
-0.10183840639333605
-0.15625512992385016
0.05625409122409064
0.13898653652971893
0.15814708028453034
-0.018769355486026883
-0.20873740158458337
0.06767131472398401
0.08567222671295949
0.02358098872206463
-0.07871359340850057
0.11130553299108725
0.14622070973376577
0.053878989069245736
0.028479640460952964
-0.1393406928429393
0.012896091860979873
0.16003005977618046
-0.13505131738675513
0.03500415881309042
0.0934560231438392
0.1439072790896887
0.09315871535419576
-0.0013553486299741346
0.0527647458804553
0.025367051044141168
0.08019388869364186
-0.10662598761703959
-0.19004578429579633
0.08322310307590582
0.16151157432003768
0.1597064420149081
-0.01832526359422228
-0.2131152061741895
0.05627656814991475
0.05605415792091237
-0.10017384510939427
0.05208781503593976
0.06608182003278582
0.018911582398270066
0.3173554944291687
-0.06927651479377918
-0.1316500760273282
0.08316738990545963
0.1776258765417038
-0.11889401817743153
0.0365180395546942
0.08260214815969029
0.12237805224280686
0.05830320793753908
-0.04549480477536221
0.015008740212893598
0.007858799557245583
0.031539128211077294
-0.012119249837129004
-0.11856148847864231
0.06610557353011531
0.19901863702959952
0.027823419594869822
0.023677023150510554
-0.06187782516119407
0.045723920648271854
0.07814221797392117
-0.11436058291052313
0.054921613886335
0.0629344736840949
-0.004449226492605596
0.2978719537819336
-0.07516587321464427
-0.14709265862846527
0.08595051257382416
0.2807208880428559
-0.17356100764551197
-0.07499461185804708
0.20056251271828085
-0.07206304755803611
0.08497621711628317
-0.05267379604157427
-0.16069743415612855
0.09631586216571847
0.06223307162205299
-0.023009911907566544
-0.10186854352619942
0.0690388804578298
0.19762286829750025
-0.0004124593194150053
0.0215542150295061
-0.04200785447846319
0.041928940517770234
0.12019258919997067
0.016944748066567275
-0.01309859391788746
0.11465351897068463
0.008623292368517135
-0.03097184421885712
0.014600344670480367
-0.10752086405200677
0.13756755682907568
0.20478317397152432
-0.17696295887363936
-0.09217284623138464
0.14648482947654973
0.050967945374526445
0.051651846717342006
-0.08772811377949824
-0.17139058583555897
0.04424978086117479
0.24640555818600476
-0.0927421766966408
-0.071949151942692
0.32165776632891935
-0.191869073211045
0.1653495409288205
0.021401073068018563
0.09483115184377097
-0.181688217927972
0.07901422585014001
0.013052249025301207
0.001118258283059316
0.14146869575386434
0.04228007480639738
-0.03238400998853966
-0.015773720955341367
-0.11231022917258612
0.08844637051349072
0.1435678945140509
0.06163844123171696
-0.18130883726124766
0.08340572389480114
0.057282436394623215
-0.048549421773847766
-0.06530946638542633
0.018404884860700736
0.11067249100994225
0.061806527682413244
-0.017309298459052283
-0.06614158872949862
-0.01416726830596272
0.024513069119274505
0.1626963283966345
-0.07718799363395831
0.008180820991362095
0.04290290936924139
0.11025059049790466
-0.04964807429593802
-0.0622583384049037
-0.04978508231693017
0.19902532353659785
0.12026261748624556
-0.012729144437156843
-0.036334537367550795
-0.0727390696364772
-0.17880053705648213
0.247742049394376
0.00037464748069735224
-0.005330764990382902
0.15794960503157207
-0.05508098179946321
0.03293521705966268
-0.10376138360039353
0.021541342871562834
0.1989245834380643
0.06819952710266963
0.050291980737156794
0.06309343501639908
0.19845628219769643
-8.815534325024715e-05
0.0852770235338407
-0.07858895045348871
0.027676951650557016
0.16897583686623685
-0.0408103533379432
-0.1119372600075117
-0.09551032699703571
0.04244694832091972
0.06012747221072591
-0.09625760984689066
-0.025625190650037346
-0.009516628371744183
-0.07159950661366038
-0.13600007729212119
-0.04126505362544343
-0.009163851041571892
0.18092415728344316
-0.06649283821575766
-0.058154780385397856
0.005068735515230929
-0.022303676536321947
0.16645944612176267
0.03435454387433623
-0.008228761957770205
-0.038347399441276714
0.013578530159733204
-0.07810795639326976
0.027063266142954633
-0.13438254724416485
0.07670709676668008
0.047525748574485216
-0.042395312153201185
0.005335740105155567
0.00025832029406021653
-0.03738009995425663
0.03887927520988549
-0.01844872766207698
-0.02154977677366028
0.05754409708023714
-0.03162659267951744
-0.17096227617226167
-0.09004302923849979
-0.040387458937442694
0.12467347826522998
-0.08578630300685401
-0.08036179976689334
-0.04851582358638388
-0.10215518996313341
0.0048970363078649215
-0.0426286395588369
-0.1595799053272406
0.030522584925144147
0.05416068881258866
0.002844594371754501
0.016545821153038782
-0.1835425963710277
0.06288137232470138
0.06789472242824249
-0.022174803363000414
0.0161004296195522
-0.009702741592296782
-0.008767944504630087
0.04485396131729561
-0.035116241916578764
-0.0377326126379363
-0.011265537775891586
-0.012446829612516683
0.1129598009144859
0.14839915339952345
0.29513887293655755
0.1150210309396766
-0.0731918729166075
-0.12763215180677598
-0.06281852866899659
0.11320982134391919
0.10629787430166454
0.005833170049838965
-0.10440748373630367
0.05759284312528532
0.0844399522808921
0.015643443309137688
0.044513085426770974
-0.148806644489192
0.06440780999590585
0.14920986846510614
-0.14883537547164935
0.04166209029278267
0.05126066016741154
0.09041542278418724
0.026578978954353516
-0.030047697588601208
0.031852643128962944
-0.002956145059750344
0.03787009800755604
0.14243242423993727
0.21983358334002628
0.31683641404782303
0.18009652594040526
-0.006496935221946262
-0.13772542659976034
-0.058863850606539606
0.058597228851917836
0.026157344214111793
-0.13372367271987667
-0.16691042191159866
-0.009054198114514592
0.1496810296785902
0.2854467281397175
0.18937833969332923
0.10955826441124916
-0.03659140200531861
0.18424878181787935
-0.1705059517523691
0.049647290645199474
0.05882119858060397
0.04923794089626676
0.0024325140172651374
-0.06208178493693488
0.01961692187203567
-0.0015277522143536185
-0.0177635242484636
-0.05300541054033969
-0.16173520225175728
0.004268280138409672
0.10856338239894761
-0.011874424419430624
0.00485685488815573
-0.14345502424230971
-0.01779737846512361
0.07151036065153402
-0.1269436168628289
-0.13124530710867022
-0.023560624142036163
0.09919021368190459
0.26620042575587527
0.13262918877476626
0.11793444087638302
0.022808444993653115
0.0866721175537511
-0.025717231752751035
-0.08692199783765675
-0.046030677908407515
0.011059333235504884
0.04401472598911564
0.024099418218290113
0.10392692422771638
0.08955384446309286
-0.023735719160038665
-0.031651164676492684
-0.1547880412321127
0.022377207325319406
0.13969082265046956
0.005525369741139298
0.06058741488009096
-0.09571182545975127
-0.027653453161570342
0.10704363515574296
-0.008049858293812016
-0.06317602829252528
0.10286992697647093
0.027173427601926543
0.026857860794006413
0.025328787030310135
-0.14620874723769584
0.12402576401296259
0.0249392592045714
-0.033216722410505356
-0.05150304619578622
-0.0656320594237528
-0.06027509556369777
0.041756554194202274
0.021481673267875027
0.11779554905786077
0.09389146405897965
0.1656834910117323
-0.07192742007476371
-0.01995750476150107
-0.02721506191435201
0.08598036906513326
-0.005000246590183884
0.018613415543184405
-0.08409118989118661
0.12687758046520523
0.018876043815715608
-0.0009137790739358678
-0.018733043284729432
0.1449893839272989
0.08391636929403543
0.007819594376398308
-0.011048844529119334
-0.15328505828836775
0.01564381454601711
0.09645554319753205
0.11597414967515045
-0.16282845007723887
0.10863612931164973
0.09161797061116957
-0.03064758632027135
-0.05247947509187485
0.031081294170920135
0.04819096098891467
0.08941335817562351
-0.034187026494162914
0.021303542816080955
0.014662452165898239
0.18316970382217546
0.013852699857216069
0.010764256311907507
-0.09726759393438394
0.08717704412331094
0.030010920991394394
-0.038471901160057664
-0.020315227712333447
-0.09610432882951857
0.21540281848847412
0.07372869751569193
-0.07783287749269663
0.16216767450832484
-0.0908163518030035
-0.2986213403186612
0.16939673886032974
-0.05501261672774863
-0.057203883499384066
0.11057385398881872
-0.09268093340220691
-0.025026229820414154
-0.16171891132317387
-0.05855943286513832
0.13518400595475905
0.006222220780111566
-0.020640869262532537
-0.011506036680945797
0.14485395184565852
-0.046962452378245104
0.036340860879620906
-0.14006732628697205
-0.007679762208263476
-0.11158378558713627
0.21672998770441027
-0.08769727861387511
-0.0517862140647375
-0.0028545025259138074
0.11227804679852055
0.05576266136817411
-0.0007303899036210475
-0.13217658656468156
0.08555585703325781
-0.08367319149850258
0.05994826280561097
0.030766185366531994
0.14335953533511742
0.03417951215347885
0.0781395253037203
0.1796349013972029
0.04908831529066085
0.10897286125247112
-0.05185784980751055
-0.06581179818704838
-0.08174362628942689
0.046457629189074354
-0.11424763077597574
-0.003935936394032856
-0.2018162661378589
0.02251879981577881
0.08617346365722409
-0.048310018795415036
-0.0320349599598461
-0.034489528116598306
-0.051108755528185494
0.010306265929680505
-0.05567913273295426
-0.05047658190898341
0.031514082393903554
0.07276559238617492
-0.04006145154449545
0.03132506312075102
-0.014763145676692346
0.07702851152304789
0.04963286470603908
0.05394008053801614
0.14952486990818295
0.07848793275474723
-0.021068061409147062
-0.08579835519310886
0.03508232973794931
-0.009270875287043245
-0.06346325508050987
-0.01569007130185867
0.04105448594885454
-0.06077056313470557
-0.010527899486719436
0.0229794623770887
-0.08387902156190274
-0.05727299333502969
-0.07343894547259644
-0.05270548529891954
-0.03473484184005511
-0.10784798326117914
-0.08098152301712791
-0.059646721399095624
-0.13212139725118083
-0.00548900893549055
0.05932658739231732
0.20357922503451598
0.11573537419339178
-0.07637496130347898
-0.1824971618183682
-0.12304793990581428
0.013954902580087837
-0.07409935244536658
-0.08418295156869988
-0.01024991532282328
-0.06898463493085324
-0.14096407698951735
-0.09711524624990787
-0.008022922868280252
-0.10436268670038613
-0.030734885621558183
0.3070861841833362
0.44055305551934537
0.4001768732033425
0.20654248726566485
0.1881536153270562
0.04648211972002783
0.09972882489457374
0.16246010179371204
0.07874224467359373
-0.12743608034855433
-0.004114598961913511
0.0731742613393131
0.19144606036630846
0.08217501046757825
-0.06496069210610896
-0.16429682808404522
-0.13877073098770562
-0.05202032520397289
-0.11591598711084743
-0.2189947538669464
-0.16972442024732765
-0.04922967803960802
0.09796335146903257
0.13930636682540976
0.04102512042273772
0.002927572530362713
-0.18281019811974314
0.335277783300261
0.395029436284572
0.3616852665875063
0.17400944725479786
0.0986376841303393
-0.01603630839488039
0.06645169171777945
0.17393917083102722
0.06557903118505554
0.046434607324245744
0.22555150869708207
0.17457691620366023
0.03727548050991136
0.04587653152805082
0.2666667806870595
0.36665596533227474
0.3926660455590778
0.31096989344570636
-0.055046209028870856
-0.2003193030991571
-0.18024440490517565
-0.03484848918419733
0.09823503211179596
0.1685410748687705
0.04258425697739695
0.019299058390732707
-0.12912756655414875
-0.03379150887397158
-0.07508613046146867
-0.14696181509862163
-0.12060307174150042
-0.09391685752590448
-0.08346883039668745
-0.08507244148853599
0.023207887531994976
0.01722123311224545
0.07732180797855301
0.22040757837755603
0.1995088779966508
0.07373317906037054
0.07994935272039949
0.28415540613086115
0.4106664052380676
0.4396490666496984
0.3178468249061678
0.02537880334485826
-0.08521460331824708
-0.0061700741751999424
-0.09967459434875099
-0.0646970274631434
0.03319323048498335
-0.06817406083417801
-0.11507600698447368
-0.017039857866607222
0.01699154820824232
-0.0754930471469645
-0.0996235389417234
-0.08190621845198756
-0.0919691390850859
-0.030367009311513572
-0.03113440405924492
0.08080406669580273
0.0473486330163157
0.07761080900186612
-0.12708584248196125
-0.04744023676435314
-0.06953248869169477
0.058890753977936985
-0.07410139334947845
-0.07772662348591397
-0.16620404354955395
0.059456404667482754
-0.004534406206357332
-0.07837442494599013
0.019210137888107836
-0.05711236704900365
0.019843719183236228
0.13644215852517344
1.7899814376533263e-05
-0.07943843746745471
0.05419862536187681
0.1277209311796372
-0.034140219211114806
0.026205578408565938
0.10438226823784055
0.07456943365135098
-0.054840883760380744
0.034426510805818766
-0.03672087981539286
0.029708842381119108
0.062160796609345585
-0.04980952373548933
0.026117033927069225
0.012834402999632611
0.16219268735719167
-0.024121425907439147
-0.018480642111973263
-0.11502843745960081
0.06640873468319282
-0.002922314750015656
-0.040203253055358476
-0.02667459205079728
-0.11380910861701607
0.1651648640714593
0.07525202299740383
-0.10096241488481304
0.13555090316093882
-0.16215564111122166
0.15059427824636848
0.07201170056787315
0.06938433867404434
0.15439677179584135
0.1261108641765889
0.0017417234281467062
0.09584254253258458
-0.02601458215045824
-0.006159477056202858
-0.13497400341736385
-0.04033612137555373
-0.007086004289172471
0.12481664351189845
0.041415560586291846
-0.01846665105371554
-0.03869738921818937
0.14195511166933136
-0.022134269588765514
-0.18047998905276755
0.17046224298906915
-0.09419166667388554
-0.0685744343952295
-0.03220458038846402
0.11267533311426421
0.03692687354867765
0.012068878476051748
-0.16090453789038844
0.09881909821666746
-0.09192132078374166
0.08630517694030151
-0.006581432429073587
0.06027860101132053
-0.009368293532104617
0.0783426520105095
0.17769496289308392
0.06994642722273196
-0.363669652705438
0.10737432373164901
0.02556197159454721
-0.08228422547453547
0.0005947884661058334
-0.00679975046719351
-0.15327118702292708
-0.0371547211433886
0.015653961857267223
-0.07772828602582704
0.10049978294679142
-0.07746060512370168
-0.056205008496241306
0.00496771851483278
0.026186391842388614
0.04446430933803042
0.08474638293273112
0.10677406144939089
0.013098762996553874
-0.07617297048993373
0.02789885790645748
-0.04887715984710314
0.02836211499828383
-0.014802068247235123
0.026070963861980018
0.10068434898878612
0.021952445219393255
-0.0765992103674227
-0.09753190542990858
0.04694055324465446
-0.016987170481750687
-0.06660403657762409
-0.03504820277193223
0.019761315564306443
-0.0903292314955178
-0.05974214467911417
-0.17437689666757605
0.06356376292326131
-0.1045307129098492
-0.09327211559798751
-0.06961510166881694
-0.02996721846534224
-0.01006603401495388
0.049148405457593455
0.10295962547074249
-0.09314645229288106
0.22690101109777408
0.1535498739611968
-0.09135665591948092
-0.02864830055202918
-0.01045047952089806
-0.09499608406044763
0.04333399498823312
-0.028548299642642633
-0.10786880321876469
-0.09367905687230171
-0.006197757272842684
-0.08483698174723893
-0.1508465828921601
-0.12533863691446862
-0.045589262549470225
-0.14362650688633793
-0.10080454979046954
0.2032571163795495
0.3232887448108928
0.3311523648790593
0.1582213660668202
0.09279014499952995
-0.016433363015211463
0.016713740941217057
0.11257895823594788
-0.0188770656388007
-0.1442119599684904
0.14720937168770631
0.05330112287057149
-0.197219836733347
-0.13415142929999926
-0.06652394438534612
-0.1281340189547447
-0.042732251940129896
-0.1302821088393094
-0.27861705064984443
0.316969561010718
0.31743853570646374
0.18991072266414177
-0.08461783098246194
0.03077150136392399
0.06591703923861282
0.14005241618432107
-0.049729244238704035
0.1959111095620392
0.277789313218351
0.26141014980453225
0.1560372038780938
0.07068438089155456
-0.027665185025147893
0.026094616704500428
0.15175154535792496
-0.024150784407032513
-0.0256153420907958
0.1665423982737768
0.09790144910006263
-0.0037101099241593077
0.011990395356633616
0.24353468526008362
0.3100907566178919
0.29531598318901864
0.20978489135130846
-0.3388858821399914
0.2551895824720219
0.24502573965570998
0.16106403343043743
-0.08434260957354542
-4.0273755516524734e-05
0.02574566565568733
0.06667323852666426
-0.15265815865834023
-0.2795452575820494
0.021895743353617745
0.062430982666031865
-0.09483437082712567
-0.10388354602574126
0.14801585522058114
0.2714688659110278
0.16928705178901565
-0.2768263820838908
-0.026026841799109073
0.15103772489987308
0.09079046986279413
-0.03313637340423199
-0.018497974939674686
0.20854967984544745
0.33769490257924933
0.32486665396932324
0.22009159209541893
-0.0419714223474215
-0.10984171331232774
-0.022590744064950166
-0.12273421884704427
-0.07667473468299146
0.010029793257593275
-0.042324151931635676
-0.1398880538118239
-0.11102118093570486
-0.17676411536604672
0.10360851993159277
0.10740871558480955
-0.06350806225675232
-0.14688058949457578
0.19319824010474057
0.3695443576036827
0.24876489900822119
-0.19476362275898856
-0.16183978402342108
-0.04597984839489917
-0.08369177524345536
-0.10855571803459015
-0.09853648375496511
-0.22543690629072882
0.004682123834771786
0.10323240050635868
-0.1343586606906984
-0.03024777873312092
-0.09135793754181666
0.020849469188825374
-0.08402103991205387
0.00859036040342867
0.0733004919773936
0.001414698947831099
-0.0976637045685654
-0.057543133263594747
0.05715246755834688
-0.07805701801985299
-0.009074317557284169
0.05745519850264927
-0.013678789921680659
-0.10887750351332909
-0.02272358336975424
-0.09092302257215544
-0.010398714581936759
-0.13830748578619356
0.003438194089203303
-0.04241446339453587
-0.03258929399823864
0.016542968412228142
-0.1237409579548982
0.08508835182848157
0.17466347310012856
-0.10358501970138911
0.0815026964137297
0.0416508907803983
-0.038701420553575734
-0.07297441036661777
-0.04583010200897688
-0.027581717443249436
-0.13503917929058487
0.0437874356637801
-0.07656676705801393
0.1703601748921525
0.06236565490965201
0.07495348907821062
0.1257658971094233
0.05646957161053337
-0.041047584173131396
0.08985958802663399
-0.043181813686226714
0.0026915820102517973
-0.14497236503840522
-0.031088640774663032
-0.02997684351332118
0.11295219421398317
0.002671305095909342
-0.07169973065566139
-0.06982070128612529
0.08699255600950563
-0.12578382082418077
0.12504838600821072
0.10505816704857658
0.035069752739771275
-0.004959175412204454
0.05601671792446311
0.024119269041693356
-0.0683470091240088
0.10256828695817038
-0.04092343869967411
0.060682898249119085
-0.008202153728197208
-0.0921099913720335
-0.08793834140162053
0.03176722561590767
0.012562545182096166
0.03454275173835296
0.17404402397064705
-0.16597189177047078
-0.277537919799524
0.1170830831174624
0.056977377304304876
-0.07508495449170857
0.011522185695472878
0.011980844061394089
-0.13664574749414882
0.026874357860666005
0.15975001648289716
0.012666877337947122
0.14151716397088496
-0.015858946050950055
-0.010102310989680001
0.038526177926859945
0.08405487526273255
0.07124604954849022
0.1353986378831619
0.174366819417862
-0.14958470215159012
0.2001909484991673
-0.043536927573339566
0.09028163934757014
0.1528158845541909
0.007426216895378816
-0.07304575737090596
0.011962616388175227
0.014143782117908316
0.005925348981741824
0.058723933509917614
-0.10008389437062479
0.022301328915751865
0.09771657594998834
0.014186695259003995
0.04436284433981662
0.008072157126383452
-0.07980939288973529
-0.10157572405077593
0.09316084288828616
-0.08530940162672088
-0.10275008684114965
-0.07069219615542341
-0.021757465484129976
-0.02066255889010063
0.06947552313393227
0.13799831649300742
-0.0234782368177981
0.2813177867949742
0.21673798782924222
-0.0998365117280629
-0.032499753326526284
0.02689007668197883
-0.02996311794746081
0.12612256796261054
0.05506056047860457
-0.06397590134257707
0.044202092640349
-0.16584481081251615
-0.012171064132311234
0.020972493181371257
-0.020971502203666
-0.008032779332143695
-0.055306111941119666
-0.08604865193779415
0.007235840394357186
0.13735898234266086
-0.061039976825364925
-0.14683655445617075
-0.11431576187792972
-0.004510223524345207
-0.029235528772239658
-0.004043466578520973
-0.010102363030299641
0.001507997666595727
0.2850938642585994
0.1400685252595292
-0.1769496062967373
-0.1120481455974425
-0.0405023250071778
-0.04924213602282222
0.06813084411243986
0.01925106541298119
-0.21248121464198189
0.3959952863241448
0.35689156805677313
0.20500237674417693
-0.061004397608557845
0.025738654413963502
0.0845378691515657
0.18200331573856843
0.02508144000206066
0.051872958318803876
0.1123858105624628
-0.05542558823381451
-0.20013670811893958
-0.13804430971221507
-0.07915864916643867
-0.10175791148524613
-0.036324830734980704
-0.0657322685757442
-0.13190391559422077
0.13703643779876812
-0.14566615398350485
-0.14158960754678018
-0.1732699901289497
-0.10028797996897831
-0.12854842980182915
-0.15844935111713734
-0.14914985684832194
-0.1964246659122967
0.4121602071454047
0.4138375845521963
0.25209186852692955
0.03314499140707621
0.09628450034158709
0.14905961905906237
0.18394314641278497
-0.01569226953678795
-0.06264033406925679
0.152540178023111
0.1971215665028326
0.019412094098000165
0.016214254411314345
0.2620155946713023
0.46422120957585533
0.32837832870583705
-0.16733246032627186
-0.11776256295652224
0.12615988635318773
-0.08170092790146245
-0.09194669961922008
-0.1257142942792083
-0.1281385602330816
-0.09168222055869987
-0.14921030166458213
-0.11303041862277943
-0.14017716957003934
-0.15429972937504044
-0.010835680459044705
-0.13603391425093095
-0.12816077653743688
-0.20476152834400024
-0.08026669064074157
0.08688156708497285
-0.04851241973804655
-0.08579348745761642
0.1414608415320595
0.12466840132371579
-0.05997983442010179
-0.11100083097020975
0.2131982043367628
0.3938968313644376
0.2955954068001486
-0.16145753602323404
-0.0364678154877784
0.052615715102615784
-0.01600767166106063
-0.10748946703183478
-0.06867829009593965
-0.17918126714715996
0.12910882869120777
0.22308141758406003
-0.04518564621156764
-0.20424182017543546
-0.2026894464186279
-0.07701664770750033
-0.15080329999789344
-0.1856731002952513
-0.2661713599106242
-0.12693663657462564
0.08598811606382714
-0.02818858432205109
-0.043617849209087935
-0.006671831739134999
-0.09901463771950601
-0.1709692305212637
-0.16014300822285724
-0.17321377520682918
-0.09266633053981656
0.09851661504022471
0.1324003696271021
-0.014555851748993216
0.09812543569429892
0.0299072674910209
-0.03454584104164561
-0.015191033892135535
-0.10069150427876357
0.12701039037070413
0.22451114456529864
-0.053102210488953076
0.14825472255568145
0.09231256102117297
-0.02846644707349162
-0.06294645845493403
-0.06262709396404605
-0.021867884388509284
-0.12497641802160796
0.09106390316893259
-0.026397015576818852
-0.04915565230115192
0.018422409991205167
-0.04920244305264277
-0.11083627394251447
-0.10270255225321304
-0.07489892065666098
-0.06353625919583676
0.14584386039957264
0.12411587676862906
-0.11061928258178519
-0.042659011266247174
-0.026703878399486663
-0.023915159804900776
-0.026602873999410304
-0.08048115441661852
-0.18827893993847092
0.05351908595755255
-0.014862609257851066
0.2260494887223328
0.16559594759393761
0.07361147810304366
0.04208242835227033
0.08006726163505999
0.05123873512446174
-0.042662609500635836
0.13721356584958316
0.03878112845940787
0.16561326815741537
0.0387052536747033
-0.07706915353837233
-0.04541108607232649
0.028998393586705612
0.01799120331319854
0.06541345141362795
0.21421952584481962
-0.15428369853371823
-0.08069854014815175
0.01583094871700237
0.024778234522391567
0.021429763983276874
0.043945858496365175
-0.07422366978297514
-0.13930235614411798
0.06454601309643357
0.027677669344901876
-0.03754145623931476
-0.011860811588666642
-0.0541746813716508
0.04553926901049947
0.15682984598246155
0.11130075027515866
-0.07800318183857528
0.15209994136416047
-0.24991794068019568
-0.1486657225840935
0.213713830947481
-0.033545361334565815
0.11434087436963358
0.1552585799737094
0.02653476871320764
-0.05825350348136159
-0.003277413492987616
0.005910517361054218
-2.4976986227720488e-05
0.05154878204017782
-0.0917942325432653
0.04610908235370005
0.1117354914463624
0.009675705338103704
0.05122600696049055
0.027533356612545194
-0.014162509443415856
0.005679568641325558
0.04338992544913588
-0.12385618634720248
-0.056461415462249344
0.07251316096407329
-0.06214757251601674
-0.02698183064892107
-0.028045581521514776
0.08819929267018961
-0.045876208056595875
-0.07893188240011209
-0.03968852569386409
0.004755696564716569
0.08183365735605902
0.016728367364648663
-0.07210280265013508
0.07759905841804426
0.07042728344517835
-0.029679043742630057
0.05092838266827514
-0.13740750687515915
0.052911424533384384
0.054669641431400275
0.01472792585190238
0.03523034622334727
-0.02323951661742514
-0.028279590075863614
0.09241292484569388
0.18084748916072077
-0.03949120133832102
-0.13553538687817984
-0.09626595099890305
0.05212491955553486
0.008354057266950016
0.03810575191841921
0.06032111537614952
-0.11243846442737154
-0.09770673053985456
-0.07219796973547218
-0.01809635078732128
-0.002769408782234424
0.00933754080975463
-0.13804949873229974
0.022222671929092924
0.06332827329951338
0.046621077864275245
0.03307739052497771
0.06683932922457422
-0.0056101486343412485
0.0642336368554798
-0.039294609260339605
-0.05089307519933272
0.11014184908015226
-0.02191536952934088
0.200726888937336
0.20965914019929716
0.002905427249915861
-0.18715257202181568
-0.10751630051799342
-0.029560006407249997
-0.050322182124888856
0.034049229267773456
0.04725641668802294
-0.0696502222471295
0.22342905536582902
-0.0813617052830849
-0.09030640814491145
-0.1228534948194247
-0.05773687801863626
-0.0944338280823066
-0.11611457286481279
-0.12594500317658153
0.14755451214146217
0.09885088224390245
0.10831925416246052
-0.03782349301844589
0.042370075474568586
-0.0646573061349047
-0.00638602030926419
0.12348455573112505
0.006711304044242743
-0.10085972669890847
0.10175902721385485
-0.14688886116961516
-0.22191364575827208
-0.1707480380406172
-0.06461735052281928
-0.04485652490186543
0.04929751606343381
-0.12473768284963904
0.047309314269975734
0.3039077368638362
0.061547362765517775
0.005366193863386583
-0.03338260816404932
0.000834639463456556
0.03014576950568524
-0.04741279982588674
-0.05296952366483859
-0.10354327514446399
-0.06745152933978937
0.10105914903006574
-0.01971164974204964
-0.03291044363668272
-0.08852904952349133
0.06812350215277581
0.2316038412349739
0.10901955159562585
0.07125807019095236
0.19454807931228174
-0.01617527766577908
-0.14768584361470075
-0.132862206294654
-0.0398233228869251
-0.017453453337236975
0.10064071903196735
-0.0433396796605944
-0.0272931425028125
0.13177456357155343
-0.05297937630367647
-0.08619949181626486
-0.13318920048683358
-0.10804882127593338
0.00570752050460762
0.14448107305364416
0.05040323871361333
-0.15182145435866312
-0.16319107247932252
-0.04202945856607232
-0.09893334485877124
-0.11938927430962576
-0.17709837971569325
-0.05763898931211188
0.16754274505927136
0.0250682706362819
0.08825916924601901
0.09787907182016689
-0.0028021782345825225
-0.08046233963173458
-0.10392937712031479
-0.12084396852504721
-0.01528078705267119
0.19829786288998152
0.2543726489536667
-0.17986923283029516
0.07899407622476408
-0.11936286541786406
-0.07598180089874673
-0.14683667475381373
-0.10502947193528403
-0.08942504729945816
0.045559610076047335
-0.06311181510510439
0.015082148740266747
0.15759095938125756
-0.04290622749653518
-0.07215350891482683
0.06732216266350949
-0.03746650226505853
0.04468426360754339
0.10515516767214138
0.05945819711598292
0.010869683088129557
0.06564505566293824
-0.022996303185043435
-0.05319770609099045
-0.07746105412800676
-0.056647413388887354
-0.038806498851597634
0.1818040629611695
0.2110343393773577
-0.04488933991025518
-0.013542797605413872
0.022121007701734245
0.01898842884723982
0.06452088239769133
0.003621805893894412
-0.14242494529824212
0.07861444240930376
0.041374721131479573
-0.09452199197791267
0.1340952650332601
-0.0920663228230075
-0.010890409896894646
0.07880418589750929
0.0304614825922356
0.036868945687411336
0.07310388011274116
0.09983774966987691
0.006471643792143038
0.009680457743701652
-0.04314375439517617
-0.03238502375879534
-0.08386973875546477
0.05452705871429105
-0.06599456989893072
-0.11904383661015183
-0.07080906557482106
-0.00028282912479801053
0.04932838756319963
0.050784724524797466
0.018482768033334065
0.10686946440991735
-0.037010654006196214
-0.1344660455318997
0.0622709741077241
0.05685591852132122
-0.010491347072487084
-0.0055270548317092535
-0.03693300788069402
0.06297650955930922
0.183273006532933
0.17230402665686265
-0.022275257028733234
0.1867224413431301
-0.2311433590519413
0.12817509892938167
0.09689764955796656
0.03592009624106875
0.01560437075165981
0.04862751298138979
0.07180541737716942
-0.019458493282645498
-0.11241437032145987
-0.10334037761950522
-0.031181068817971516
0.007170778400085301
-0.09703172762165968
-0.1250415143917083
0.021019051725550655
-0.0855807014350041
-0.09162018438375405
0.09136061422807837
0.05349655177250374
-0.007309012954626916
0.04577584870959163
-0.1429808920076741
-0.08976802107274108
0.056375873558707816
-0.07926050753763172
-0.02718524068736662
-0.021320120260506746
0.0932259454535631
-0.03520063864956701
-0.0542869541624774
-0.05058140458074363
-0.03374095545467365
0.012613238364972454
0.032309311755050585
-0.06956923886304153
0.09405965731501309
0.10867765485196344
-0.08497165037106408
0.027831655936513024
0.044046604647535376
0.0492055879736249
-0.07554915797047454
-0.002382631587620497
-0.08957201768743575
0.02366110537953292
0.14612848949714144
0.07652465221076626
-0.027171156923829487
0.01510629335135788
-0.020544128154336712
0.024831947044544066
-0.003113700692680077
-0.019398058461412796
-0.022150951459542666
0.05264680803982433
-0.09231849026938219
-0.06610741268131788
-0.0816108747280408
-0.04257847356059941
-0.03539101591029498
0.01956568753943364
-0.11169444534524064
0.045791840564281726
0.07402365899212904
0.05163577402718606
0.038686201181018044
0.07627264982206272
-0.0018543456723988869
0.087302054404093
0.0033171883084880324
-0.04016823977941049
0.10089092187946073
-0.0005848118341952105
-0.025939828630119274
-0.08467861276617597
-0.010246779957029467
-0.00936129269942216
0.007173396189032288
0.019966318167606932
-0.06265429338408439
-0.06035086755348059
0.00011837333526672481
-0.047697062110109184
-0.02240690372814283
-0.01114254624580321
-0.026570277960012052
-0.08001657089524122
-0.09659871145776192
-0.12124691255054991
-0.03986199644174541
0.1491408339131447
0.13465405237707165
0.09094317899452753
0.11823025206422345
-0.03142490489798042
0.06370714130246515
-0.058965256980380104
-0.030975379398054018
0.09332617541451638
-0.01961034200322012
-0.07332180161865945
0.10162639932319646
-0.19691168944435355
-0.26569198087138296
-0.21915263099016047
-0.07754538633556218
-0.061605548723459774
0.05425526473585093
-0.06728005618820707
0.014332470003169034
-0.03485275168948299
0.026891836796988044
-0.026952581009587077
-0.07153639473229452
-0.11096875359906141
-0.09517513660466859
-0.012312172711827211
0.10823203110130551
-0.13499065498891266
-0.027041737371741092
-0.13823671066542534
-0.0019213689531989153
0.018541678486964794
0.07870253551669326
-0.11343807807906119
-0.10906573819994322
-0.06375736968418386
0.09310646511792348
0.19581161432391328
-0.0557886227008609
-0.17538805156929066
-0.1546332901665866
-0.04093700092216962
-0.014220724633941122
0.11837390743373627
-0.01371757878890565
0.0028619478032626405
0.1862233595610921
-0.041623702112317695
-0.06338736913906114
-0.14259574813884002
-0.10479649718541771
-0.034886041114184745
0.1357600358244573
0.08331146995199788
0.029700602158442585
0.10955366241466268
-0.023850367386581618
0.04732516743635762
0.047433771577935505
0.11674845642575804
-0.05739356618367404
-0.03684587383698664
0.046464034984548985
0.02510624861970729
0.041767431134715066
0.018673535244316874
0.09271906940313268
-0.01004797296380585
0.02689578130598184
-0.02421348728230409
0.0191681190222082
0.0075089268930484815
-0.12918901032806357
0.12157061167791437
-0.1134044684006659
-0.06640531352569501
-0.17534977114902545
-0.14071539417172327
-0.1357467059395978
0.035456304175761746
-0.02715943957460344
-0.005003012285604298
0.15240548615315014
-0.06695886106081003
-0.07736705988468437
0.05425939507627606
-0.02864709706159148
0.05850980425722985
0.0850504966457351
0.028818598472997378
-0.16452410854875665
-0.05224049425663899
-0.062378236317025465
0.05491601545001282
-0.05249647265009349
-0.02103201989877096
-0.11271738147714697
-0.09408079109330705
-0.05404107437776263
0.06991195922051449
-3.5994674110764735e-05
-0.11732582693931562
-0.022081882560915395
-0.024400323524214243
-0.04240742227601594
0.09985041184321636
-0.06969301460964808
0.0998316117913271
-0.0972960211422741
0.14323337193291966
-0.059696645109039825
0.02961547567958641
0.1204228712311763
0.03193266198749914
0.060336402593929944
0.08619722044491832
0.049440078023961866
0.01591022591263889
0.07248785572099778
-0.03047247409050389
-0.03047022471297542
-0.051816028379701035
0.05585411446454825
-0.06779249929459405
-0.10765700915421078
-0.07828776170072611
-0.0024488320747089454
-0.027479829404118507
-0.14092568135784195
0.020116841515061417
-0.025864837169888646
0.004931789105078452
0.05300143365062156
-0.05229243372240604
0.07015692351556697
0.023170457309763536
-0.0019183747873323317
-0.09021922764963092
0.09682508910290014
0.02444854513829091
0.037817245742500574
0.013871212368425038
-0.142965867269557
0.02342475562822609
0.15319724211951624
0.14952364647890348
0.059718288446455124
0.03133959002842998
0.0456489007324148
0.05851556681894339
-0.02889194985550976
-0.09460774453877424
-0.08118056526816321
-0.0027426973751489836
0.027288972969062082
-0.0855807495023476
-0.13814955506674603
0.048850999988068675
-0.06655644721709883
-0.0806280462036692
0.11214482552712163
0.05201603112899199
0.13117660061989325
0.06466655461913168
-0.03479587618879039
0.0750401145372011
0.05201123713455116
0.021135539531691346
0.06538197109734806
-0.041772021572760595
0.07063259699874225
-0.07636196810009405
0.01704114122697866
-0.11895482545110658
-0.09714843612090655
-0.11239242330466315
0.0014066047495837689
0.03328827925877702
0.07934411669616842
-0.022921332811301355
-0.04545780713698101
0.06130475799463755
0.10778543038616001
0.10111756575089899
-0.02169684275075632
0.05719049766914059
-0.05322551441893986
0.03555175002270715
0.16555504903396173
0.08149274308033398
0.02194400093277878
0.04376564078075553
0.037829421038948416
0.086291689188751
0.028863055613537546
0.013582035926412744
-0.010816489951769148
0.05702019694353685
-0.10494163012020218
-0.14332390106634424
-0.006284219097676135
-0.024572652363255423
-0.17198148581386613
0.020314889216453864
0.0361985977256543
-0.0035777134268213454
0.030061872601342736
-0.028237176488571013
0.008450021311134915
0.03002824906317915
0.05078773217447848
-0.013114552517484765
-0.07114994308546102
0.058458125342456396
0.04733045510629641
0.03040858184252028
0.01114046284339859
-0.054110295261235404
0.016707485274236128
0.031429027409271615
0.03316363341123971
0.0578296787402075
-0.03998667740710303
-0.07324020456441926
-0.0034161204833480785
0.007908708855619576
0.01869698141012119
0.044856735388653673
0.002289475752514987
-0.05465789557937065
-0.11308726012969263
-0.09043878611741751
-0.00015869616684306698
0.22389203512060074
-0.17485776188359958
-0.04749006092597731
-0.016301184985718076
-0.01960105667526675
-0.09192320384586185
-0.07074137282688352
-0.0153791848669689
-0.0068971925437195415
-0.048428197033383844
0.06951533360380688
0.23432831831950915
0.11148401136286998
0.0815632031124014
0.06241713547195313
0.01695419027867026
0.04909248653185532
0.11602105211122415
0.02798889850670728
0.01587386179034439
-0.05355933471013212
0.016686735436390418
-0.02561524987983361
-0.0740036742395514
-0.16576026338168134
-0.11657745017259732
-0.04661239695922693
0.12278372331133264
-0.13688173140884033
0.0031103934556823212
-0.13399761791209336
-0.014339077248333144
0.01131579229198388
0.07928639961508868
-0.1092073451535797
-0.11556317294003167
-0.048118329620494935
0.04691382991198396
0.1295808094835094
0.0552986397036074
0.010705185750698613
0.02844256942820101
-0.04222062784450591
0.08436825569351461
0.07769708867606501
-0.008243049039810907
-0.03463722677955567
-0.03375231758098828
-0.11548946156988989
-0.13491573273877805
-0.011070484733209152
0.037440447251819144
-0.06985859230207508
0.006393107711740238
-0.0914041578579888
-0.08173280454114522
0.03126822069779989
-0.0891521438825273
0.01626222578969447
0.0026736009031852123
0.06951423041058732
-0.107434045117798
-0.08958820720426988
-0.017317316152053515
-0.0720107324444075
-0.04174282253540061
-0.07140254609591945
0.03739711696163958
-0.0956793969063722
-0.018241892811395162
-0.08029378581744805
-0.034116909414610604
-0.006097060803013801
0.008674188805599212
-0.01743497410792258
-0.07577055818269807
-0.11496579896923456
0.05637148779131951
0.09775732449557471
-0.015409684722439698
0.029266501120252995
-0.056758636148574244
0.008141086619619306
0.057860943850997715
-0.015117440245843116
0.1992616765541198
0.08565717926482301
-0.07592707991459341
-0.05234063613533808
0.0387590349589184
0.006476842713610674
-0.1359683716603233
-0.05343858275919939
-0.04572815890771636
0.06302842341510122
-0.08581833908902653
-0.009456693534415528
-0.09721761973812498
-0.04974424602150873
-0.0030092962288295264
0.035957632806379605
-0.04357365730086745
-0.15653765275514836
-0.08153771729957932
-0.060770507473380045
-0.08585586824735324
0.06764639483191554
-0.10545447693535606
0.08930569095440366
-0.12162376081195801
0.028151059495139814
-0.08841403199227743
0.09788278740122683
-0.0698579236345358
-0.13769203026267096
-0.09149443358856976
0.04145889938686739
-0.002908593317470981
0.031025468514221433
0.08005864972941577
0.03977268730816324
-0.021586775521764606
0.021481763983994803
0.06260955589370559
0.030777696383757797
-0.023698473476507095
0.04651923845893735
0.10466159493999487
0.029141967492794373
-0.10105962002162414
0.010150922259821844
0.008679422630555753
0.01029408850628858
0.11908381618020882
-0.014437362330425346
0.15099883823849997
0.01568181034206975
-0.007214530563515724
-0.0747351035070545
0.10680193691133887
0.01618707124999946
0.06433197962927048
0.02854072661073171
-0.12126639058657714
0.014383613827870442
0.010446528181662813
0.14336874277103887
0.023662235377356136
0.014724538748240153
0.064592158559138
0.14714609515188226
0.07454624494961992
0.03465474820901503
0.08161723418056659
-0.09950380898134326
0.005129740292258628
-0.03516068421858903
0.04953353158840262
-0.07383695446028671
0.012383847515310124
-0.0015382456678770112
-0.03053262771688604
-0.13501905040641582
0.09190881513659077
0.049041738615031
-0.02282207147463415
0.07356707518064748
0.05776041663189432
0.0529171424574625
0.06676285292099143
-0.025148437181485836
0.047251484071644936
-0.023714947633337542
0.004697510323922335
-0.09789455355781904
-0.06898183738937669
-0.08845344919034277
0.02296165652539154
0.0734368401798299
0.07998409157531419
-0.03462690668726418
-0.02074728828141508
0.09651148308067119
0.057317822781786355
0.057400888382739663
0.004943190080071075
0.07627696959240475
0.024890393378874186
-0.004992214382477336
-0.062172579217583644
-0.07966077097234603
0.01911823573049278
0.014083694719684021
0.04700599753532706
-0.05365604572220341
-0.030894870981293784
0.08701687352250531
0.06303624169017044
0.11381204083440104
-0.0761549002534901
-0.12029774086858475
-0.0027683918206334937
0.00946008566508335
-0.13902485221603364
0.04483687973998764
0.05953738649696252
0.0104337613691091
0.03281152888584932
-0.027601705085706287
0.015892977914056854
0.04231935009904557
0.06840768281072367
0.007461663762963842
-0.037174402600183815
0.09146331655465247
0.07925404878494241
0.06200165588608846
-0.0242182353854781
0.039989273894580166
-0.030968507655606006
-0.09159379646579356
0.0767222703773126
0.008912201657342002
0.0039009211784376205
0.01605661048999279
0.15335109032493538
0.028304814699888818
0.03513010429675503
0.019109835257183863
-0.017882191076045148
0.11089139479184842
0.011328270355175418
-0.053454509705647815
0.02819995477905308
0.13446002628129855
-0.20902883326401822
-0.08829044440696733
-0.04621789897981167
-0.036259915249952056
-0.14494407544521085
-0.12678737841592677
-0.03177282141443998
-0.039801643531676145
-0.07196928961408242
0.05149024305197339
0.219050279520459
0.10976324611256516
0.03500677170558783
0.03548979255784719
-0.038500689839273954
0.01595776043989098
0.07426507939288961
-0.012409685796720589
-0.15258946632309195
-0.05050014740678951
-0.034543016240149445
-0.051534053396883175
0.07907558342444612
-0.010194491673901001
-0.1443269548801308
-0.08239580776283875
0.025400712852988595
-0.00525663708424174
0.08995376280719983
0.11919035624158837
0.052009574233764344
0.21780222125182658
0.1032615527023289
-0.0425552987989669
0.09577405434210899
0.007129052066888991
0.031791156080033724
0.09396606307887757
0.03700755186511516
-0.037720255078443454
-0.05942492040177614
-0.1051660531818893
0.024535127579223028
0.06610106598936898
-0.04510040578313228
-0.041309412852675746
-0.047509972093965756
-0.13412759137844654
-0.15046177942883787
-0.10442634856160604
-0.001144988165473499
-0.1254026880059245
0.035861528423065295
-0.07930250289193459
0.009341678862452261
-0.04957302989574414
-0.04110076861988185
-0.08835621400582208
0.06844347888084752
-0.02458668546203884
-0.09936641366283563
0.03701316978807408
-0.025870918606777163
0.10189538100188451
0.14747454480964073
-0.09716680860429044
-0.22394939784017565
-0.058628416719687715
-0.0994550508533572
-0.1648706009875418
-0.07819199246306195
0.23690513114511214
-0.06887556429358915
-0.07561839088531391
-0.14994406128915594
-0.15578885229742895
-0.07851241901028905
0.0007737476764884781
-0.13836220435598715
-0.04452615726413723
-0.1377585453412729
-0.11708942472627354
-0.04644691367985375
-0.14500974499748723
0.06193105071971583
-0.05208800268831225
-0.13738926843881505
-0.12310301947657633
-0.007172801949423116
-0.060709568909432174
0.09296773879505629
0.09781140514500972
-0.11854764068266083
-0.23333232089513994
-0.05336636069912659
-0.10888941466624502
-0.1597474531699626
-0.10867523701484097
0.2377850635966598
0.24367896474069667
-0.10038198757487454
-0.15706367487523865
-0.08091057021125272
-0.017648762463526063
-0.21231884262923564
-0.07808088219698162
0.07262561148595924
0.07754492970175808
-0.15178966239443875
0.026426181726440134
-0.1618329090440269
0.02317998999540327
-0.1572695173857286
-0.15841724424224266
-0.1341286023636977
0.02625030297366799
-0.012485517156162466
-0.06303636842873422
0.06741853147798088
-0.027371546178738763
-0.11752304953064943
-0.08098680222930886
-0.02630263738751667
-0.0476797955635915
-0.1084448335483921
-0.011071208586219392
0.21767548521047997
-0.07986922202733054
-0.1602832903080923
-0.09859544961155847
-0.07263061304861036
-0.2229650855934898
-0.07436678776596334
0.08743639424984184
0.10355235399318397
0.0383978833630198
0.05811433504330181
-0.06981189450039274
-0.07112674988966682
-0.01049576369422208
-0.007957828819022902
-0.0687492565931071
0.006322092805724537
-0.07004027487643821
-0.017102322596088453
0.11242056782219917
-0.01849837439205363
-0.05661892865236601
0.008912190040027482
0.08751818820140445
0.044603505947912375
-0.0047970368657659045
0.07134316015199418
-0.17378435403132844
-0.050413389284259674
-0.059212954730393716
-0.025950445253989936
-0.15318403027015626
-0.0677265920743826
-0.06725564278422756
-0.12297463161247518
-0.18352119920553334
0.020655952056246506
0.1270766069605291
-0.00539051860589914
0.0466807856193633
0.1460622447923839
0.15007138469108758
0.06843403155466087
0.11124145984451386
-0.049269477308982394
-0.06914634160608871
-0.10604579828297683
0.0025791806104195347
-0.0014022919900136058
0.1048441006829415
-0.10824405147715113
-0.0112039748641162
-0.05020372766513214
0.03092417069248804
-0.04539918290174045
0.07466660992218616
0.06279076513530629
0.05029386084404687
-0.021633328998215705
0.0262249180567435
-0.01625564925371282
-0.049861463417471476
-0.08196172593218967
-0.13203820812213846
0.008384841099890964
0.019024048941459797
0.03825522939939087
-0.09904305165823382
-0.0961612200298822
0.04582325814101483
0.01740903692707278
0.06238338406329773
0.0655747650116415
-0.019351130006018187
0.018831592069331153
-0.030942351876761774
0.07246897542281167
-0.11150347813030795
0.025705689950125846
-0.0056525993924372575
0.09357626049242915
0.09577864179383148
0.03548462711248214
0.0006157895541783406
0.062224424732809466
0.11579651754761425
-0.038737673109309215
0.019638819672207566
0.005443782296902171
0.06441165449807854
-0.06718503393862348
-0.022768535862105588
-0.03771931144119336
-0.09437271845877684
0.04221851599040452
0.009967891263697529
-0.03248711795086837
-0.031737194875287734
0.1166075305755559
-0.0045235370225424065
0.005068277233407789
-0.002394339330086339
-0.03932195938961632
0.04611702178266591
-0.016790540807039744
-0.07281624015949695
-0.009131262466582277
0.05642093700288675
-0.008874337388842593
0.021542521578577525
-0.13311696555597233
-0.11202183915004879
0.1280307788952137
-0.13494961291787722
-0.13395474027936208
-0.03180264280565534
-0.023647406349725716
-0.048067087406668214
0.001353526113226207
0.12367958460373665
0.013949411475405415
0.05463637667186839
0.04757816851660006
0.0506603864706473
0.07206713893198627
0.04347388774272935
-0.1855765107357793
-0.08774145552453065
-0.08078335090877004
-0.08938007180445212
-0.03813799819115309
-0.06650298857131887
-0.16194179003505926
-0.12670507242791051
-0.07394397882461512
-0.05700750655188681
0.022208985261408916
0.06258058322229126
-0.010984036540600602
0.07397060585995582
0.03489801655186783
-0.07099044836497424
0.034710673353293184
-0.019439715671372412
-0.1408280384739182
-0.09226833651861552
0.050018947374209685
-0.1024671102630342
-0.11254448362281913
-0.046059579123591377
-0.026584943824036297
-0.04527142443750735
-0.0635702969556657
0.0804362496910396
0.1664416442861944
0.05042989223959499
0.1665850422475755
0.01569480512343624
0.001241159553576808
-0.012080188193273295
-0.09510935864998271
-0.04010256268109571
-0.07191165747191296
-0.09250848784690621
-0.08186620601573914
-0.14487024482543712
-0.017351782903713413
-0.061095830667643174
-0.10906727367184163
-0.01612345330047081
-0.07392197198262802
0.038500095912429734
0.15426657284811515
-0.09997530368004048
-0.23975392311626406
-0.07450099695287968
-0.13542519978979195
-0.18297567892175817
-0.10676781826173808
0.15150607785535042
0.05482286285797665
0.07558612881058215
-0.08317330389921251
0.07354714494569976
-0.0008284290951751025
-0.011625338118119485
-0.053898442123868726
-0.13344397615235176
-0.09081290337204143
0.08601171811790252
0.20265076488763992
-0.08691015666119695
-0.09164860875781006
-0.11276767834911687
-0.13607412747993164
0.09936075831033588
-0.01251010788356633
0.12175788264756557
0.03752948587665273
0.10021365095184871
-0.12285035972547483
-0.24669210507243342
-0.11079802751404572
-0.16236257867290405
-0.18268249121045035
-0.1446212570624049
0.14392757104297613
0.14009582698550166
-0.11185359297557798
-0.16683198126833973
-0.1321645312808344
-0.0546122433737735
-0.2021439539957353
-0.06767525862055276
0.10124416786047984
0.02579427730913228
0.12774674143593417
0.20437211295273838
-0.04420168199484896
-0.0609208207022222
-0.05617831199220551
-0.08415264246817553
0.16766300264603215
-0.032344645865234174
0.13317182352657908
0.16985495744466195
-0.07014564547238872
0.13054167171222036
-0.025848443571699405
-0.12192827439472194
-0.08066564558614292
0.051443371796178826
0.26059427224008413
0.13612476230834492
0.12729794883174456
-0.07651675559540129
-0.1551267912030469
-0.1167811800190908
-0.07988757370294641
-0.20312977206206437
-0.06910799804336556
0.11876231576674424
0.05223703581430486
-0.040609131525984075
0.028091069047868344
-0.07759793253584488
-0.09518867088464525
-0.0666349391718533
-0.049705321067233785
-0.09582254480660526
-0.03568737326293638
-0.1724664158289182
0.16327215200176626
-0.05250718590996629
0.08205599253530824
-0.0792845271239097
-0.18857937155278476
-0.12455059639003886
-0.03397188173188003
0.24461087147486607
0.09466270367732267
-0.06332375499675566
0.007917391152456866
-0.015663932716976373
0.010567752056651673
-0.003713035839078605
0.06746504463004435
-0.11046212654242456
0.04682914479735448
-0.0031568171121762537
-0.057508469107170786
0.06456770874261072
-0.03138669417039221
0.012464822701331042
0.05412893392992074
0.09608861085032971
0.02288151711793748
0.031176041954250798
-0.13375168028084758
-0.1447052546968105
-0.14975775800543575
-0.01801145338876898
-0.0495098466739279
-0.054213977484124806
-0.19027461440962085
-0.0732556905203032
-0.10236415872724051
-0.01912348371553986
-0.03377038539953737
0.01119395679795206
0.01059647982955271
0.008902735010273992
0.0514121465338154
0.1255880795873477
0.0009546996008901673
0.10190279493819382
-0.04637409772325379
-0.040911315873058685
-0.03403804728432148
-0.08800658817115001
-0.13549006772268876
-0.06501134710485164
-0.01084699216754341
0.14009402495711168
-0.14251173185308935
-0.17842928162102462
0.015066280187820968
-0.04641357166455211
0.006081193862629668
-0.026434020008365304
0.007495979843296086
-0.1277985436362278
-0.0019641612700067174
-0.03657270432253658
0.06343306768982916
0.020217575651610455
0.0021521057319275998
-0.036124257553583616
0.03984029180110325
0.07454603076419428
-0.06690130679405502
-0.01860028257297297
-0.05221751422459432
0.007958806711873455
0.05901071128880533
0.03664098092857454
-0.036295755495220475
-0.04844067519876202
0.09108900721061938
0.08492109204664301
0.19963808750854042
-0.06366492431713942
-0.11441552408149523
-0.04260604613656281
-0.010645702643397214
-0.1264676805577848
-0.09124612945375685
0.13069229042087357
-0.2028169519986961
-0.018420572281551664
0.0026640752488573094
0.028602617713424677
-0.014302786103907436
-0.008759539455951156
-0.14224713839042338
-0.1039767055551704
0.12130286761049058
-0.08552701443571728
-0.12441809491837305
-0.030439324162898337
-0.0613657533059566
-0.0905084655347654
0.004984287707781497
0.13722440753764742
0.0065335557346527205
0.02288656734303174
0.043234926758726824
0.052274257160990406
0.05233634746563942
-0.0018934643418559854
-0.2488246894480854
-0.02878279962690495
-0.05185648741339094
0.033443737476983496
0.1505456662315306
0.004899703745530962
-0.12003436459081668
-0.10440576306601822
0.10642658141029987
-0.05847489893476278
0.09018742467483665
0.011099558851335563
-0.06604389710156819
0.0445935931980964
0.011400219509931003
0.06976567589830691
-0.012567820154712257
0.012039518873371034
-0.17709715025352957
-0.0732835346547277
0.08503615154681224
-0.10535614604021162
-0.16240112107810023
-0.04399799967614658
-0.03638102981113441
-0.04354572805455953
-0.10188304196175185
0.05889349443004598
0.13481824398110598
0.022699504314624544
0.16089097942377695
-0.014294302770670793
0.022311086909638424
-0.04377952133624402
-0.07093260171694471
-0.04762948806321782
-0.1884213628076799
0.0035974633148003546
-0.06505180268239055
-0.1253558531454263
-0.08329739407640416
-0.07902692797217883
-0.025384794173112922
-0.10296505600335837
-0.0936176686173168
0.06317054338148989
-0.08155731736825336
-0.00608332768475961
0.07199958617093721
0.05717818444094096
0.034658942591472286
0.08005192213486753
0.02554057588504952
-0.0626246779626779
-0.06068170581596142
0.03225988778796907
-0.1121494027279718
0.06434851832693328
-0.032188452836079955
-0.04072802808708929
-0.10311941112552528
-0.1657088421417856
-0.18713633835500776
0.05756601627968083
0.15492736046912697
-0.10683928527453301
-0.15149076470297398
-0.15236734737435337
-0.1583957246396328
0.030115366959549292
-0.06767139372309468
0.10973664033357078
0.03096788079070107
-0.16292915149256582
-0.12156712237661797
-0.04223244068464885
-0.10846837130955167
-0.07315419125506649
-0.018463542234745806
-0.027207920299211097
-0.1310298554337717
0.23741866164511924
0.15544809660959333
0.08427662416883246
-0.06045717218034824
-0.11938651138103529
-0.11612517828859979
0.05246006551757176
0.1910859867170192
0.24263211457801578
0.015573198198191092
0.10470989110314635
-0.1280861645862575
-0.15662260947069925
-0.15464862800511828
-0.17169467047528486
0.05467002766599449
-0.12162463221637415
0.003404516630315796
0.059197348368138634
-0.1307433445743622
0.02196829243227571
-0.10553889767021035
-0.22039480292258554
-0.1510715329644284
-0.012896017887137717
0.19422647559601283
0.06653383349254083
0.21800394918740235
0.10419558435890897
0.03859891601978214
-0.09085127358278738
-0.1475762884827033
-0.12496298969119655
0.009400755871609278
0.1608648425955553
0.2166325079970946
0.25350883921371076
0.13620106957690511
0.03659511159209386
-0.057394384751557545
-0.021993385789820213
-0.07898509227975933
-0.030954579475203095
0.10545894817732801
0.17419347127199286
0.12171067302046315
-0.1035429757302575
-0.020461270714017946
-0.11965077090394938
-0.27075683502478887
-0.1672087460813125
-0.0386685285864596
0.2119399657321887
0.0778771977699674
-0.1509154337102453
-0.05649348245980429
-0.07541443854213156
-0.028816664747412873
-0.06435438350721084
0.03489067113285666
-0.14386556388560762
-0.013362706761899011
-0.10168156203425957
0.26271454935701277
0.14765681840874023
0.04547539078492864
-0.058653800666681334
-0.028037287702442446
-0.05376845514230996
-0.0017837548922876728
0.11435984866311033
0.19327977216839337
-0.033436767727996836
0.04776826770553518
-0.010241750131572136
-0.09021235091326085
-0.04464616909450741
0.0005094815599067902
-0.11551979572744941
-0.08012492742191339
0.03947451588600093
-0.04415940227715848
0.011300874022267302
-0.03267534938948238
0.02242872453696694
-0.008267709063100162
0.09188624488566746
-0.03777292799720671
0.07400577826646454
-0.04232145282971125
-0.12067511531876833
-0.0333251712788237
-0.07393275946263385
-0.13206583650060472
-0.12735776038232105
-0.028261227013234413
0.11546221834523417
-0.13257773633996678
-0.1953610606994383
-0.036098448176366156
0.10914109195765559
0.07439420706819541
-0.0006651733931729645
0.06846926333071227
0.1037250058465966
-0.017336632471243833
-0.003650479221926163
0.06918556509440332
-0.127515863652833
-0.06407762838540182
-0.034708624433022126
-0.14611906917684075
-0.005331806604688717
-0.09411245665779057
-0.05173138196607386
0.05572256857143797
-0.05481185868830125
-0.0062050431825076
0.01896348620045865
-0.024759056399843708
-0.04695587692044843
0.05353299937578554
0.08584686187588655
0.18397298933937678
-0.058794916191317846
-0.13493040480633647
-0.1465812948494109
-0.0343641468342376
-0.1458522686278515
-0.04883167548615923
0.11597158367771912
-0.18675943601796263
-0.03723264749673824
-0.024825136838941088
0.033088916557286345
-0.00949728000160701
-0.02166001808671348
0.01644077398392788
-0.07170479593796561
0.12791733013230555
-0.04299110013220009
0.02411883513412054
0.1316432390993631
0.025770203862636676
-0.06668160208677729
-0.11018481850883519
-0.11424723921470326
-0.01642831953205679
0.11678455447640573
-0.002393507735515589
0.03988427367795377
0.006192890633001973
-0.08893664838487823
-0.2859239097285502
-0.04316584714724511
-0.03274958018926697
0.02457179208179547
0.12387060403823455
-0.03862265464356031
-0.14707414542220476
-0.12529980340937466
0.08400421112351075
-0.07338348234946758
0.0694898700854747
0.005378859725232488
-0.0804893832008943
0.03867539010741388
-0.001336993053869695
0.06381338446805249
0.008652566510022008
0.020162793287638883
-0.048392672360017444
-0.02020696317945314
0.03212303361082761
0.03137057100265618
0.03210453114104118
0.027408104885032203
-0.03341645601908978
0.22925641157676607
0.11003224950008295
-0.003237391769368575
0.04794173055633957
-0.04978699392165162
-0.04534788974641459
0.02094858198346647
0.027016148715368046
0.013549536582202676
0.07420779779084492
0.1482382369447658
-0.16867471409661614
0.0206107778109121
-0.028020030278538756
-0.110321431970989
-0.05420562243393791
-0.0427333745329113
0.0020285430979837885
-0.05460174590095303
-0.05509240516534266
0.030770190325810184
-0.04218242760829996
0.004813751040640586
0.049063138253390835
0.031368417699599124
-0.003895201279594439
0.09813111041527472
0.086404977150743
0.01824734627966672
-0.12545565257911478
-0.011631224551159138
-0.12541202729278267
-0.10977012449557474
-0.07339737232868729
-0.02670195045647495
-0.08719900492688804
0.03225827507063728
0.1193110951633689
-0.04780964148513767
0.07656400475239386
0.06699429733392759
0.12258406139249607
0.10846262523505346
0.09481487628160942
0.10556393864038485
-0.02119678902070489
0.002818310592661903
-0.06039554569552198
-0.14659738822836116
-0.10237217021028239
-0.08027591937275914
-0.12499497758656893
-0.10048376040892443
0.0033479144879332394
0.004083604017062096
-0.1433913992677644
0.23164741611992518
0.16672042950449983
0.0745042441978799
-0.0778074104262862
-0.14088769403092205
-0.14203775527844426
0.03365907656154276
0.19344495687802432
0.29015084913372785
-0.12929445829055577
-0.022255597347532324
-0.06293548480194365
-0.026371749876332812
-0.04264805124526472
-0.04726977601438162
-0.013181119713416962
-0.09945906722617429
-0.09812407225356982
-0.06431339888738957
0.15465049587572588
0.22268556470054204
0.026809439801354706
0.05511890109203188
0.13096883152742722
0.07299796393127218
0.08922523460240608
0.08388153264875654
0.18308855121260006
0.06268673710347156
-0.027614785310431503
-0.1238635939496366
-0.16013771366176738
-0.13435613797228532
0.02662246659145703
0.19024105049362192
0.20544803086796828
0.2145862018798249
0.12007806193404719
0.030278619842124686
-0.08113676757456913
-0.09526397999396721
-0.13406310600788116
-0.08085115869778747
0.06516900041620448
0.1803226231164407
-0.11147305383313519
0.08693663140036664
0.10787196180917043
-0.03386860783239789
0.013822942551968136
0.06913591776088952
0.08632948572711925
0.034725587607215426
0.009361224850231456
-0.10939814824762396
0.06757039020217227
0.11496294106477889
0.08830190918202836
0.06884159902042696
-0.039787400229034466
0.14371708934671648
0.11380530457945073
-0.10624645084769672
0.2973197637129269
0.12551372049510096
0.02653229282289103
-0.09545996573579608
-0.09553194585993932
-0.10413340223272949
0.0029766763334070703
0.12156494820559793
0.23172019951403472
-0.06645998735324654
0.08222130115704632
0.003785645240976656
-0.08870308217407963
-0.09977368686494345
-0.049051304760560376
-0.10176421962958365
-0.07359177016197044
0.019105036395490754
-0.016879022467738883
0.11713413025872466
0.10772812995348355
0.14121390263059116
0.11155903546927681
-0.042407194312789664
0.19703294770099997
0.17145629870836007
-0.05787958489510883
-0.22984564568156304
0.005690617943876864
-0.00937375560231652
-0.009554064083406803
-0.09437855914339163
0.018694041270937434
-0.03913729444071021
-0.10458107980750896
-0.06029707791172867
0.032479558158945696
0.1353111064693589
0.09006953637504213
-0.003520913128814439
0.0008333553209505726
0.07537905828939324
0.01168574511421814
0.03510204241612695
0.1130104092980583
-0.14217015035687575
-0.05448209638833721
-0.019151137973582553
-0.13439377115539972
-0.02473739899863151
-0.08913997192703893
-0.025254970712947265
0.08867743453883063
-0.024362661037552875
-0.16650922739949503
0.04085971729864564
0.09057514140235678
0.10732130114738883
0.017725118300559978
0.12869735829097056
0.029393685589097118
-0.05320771848068438
-0.044128171116411104
-0.03296539184265388
0.11962964511306676
-0.05133947545198092
-0.025703801001255376
-0.06441429083515351
-0.017735217281919652
-0.1147946646743597
-0.05736387320729341
-0.06089927460399579
-0.032614900161382944
-0.05293058781007251
-0.014255310333547083
-0.10701334957822727
0.06178193221829807
-0.08125165122430297
0.0022720330180335535
0.10149730767040577
0.005561473733497645
-0.06357874315913008
-0.12899368627769742
-0.12925898037800218
-0.05867298166894224
0.04411178270882982
-0.0300309761594161
0.024418182014400422
-0.02307684586672249
-0.07757703562267765
0.07302895922436531
0.14057858644213875
0.02807958400970729
0.02548041408884285
0.02733782841561881
-0.0005033839313938956
-0.04017566363953417
0.004310553616846596
-0.022218053658378492
-0.04761993998531561
0.17115654704823594
-0.05631684624499339
-0.006167200818313113
0.08759907381235732
-0.03606048523582857
-0.08718465996415345
-0.012177721764138446
0.0312273013627951
-0.043232637793760964
-0.0541499250292789
-0.023800256958419898
-0.027587949055162632
-0.037336446490182536
-0.0130143740356201
-0.05481430605006756
0.20963998229997466
0.11229742898216027
-0.030050986093682196
0.0451561065507677
-0.06036969576619946
-0.10472796017976962
-0.04792453792255885
0.00023076391882369263
-0.006314789633532054
0.05492614332975426
0.14806249620050776
0.22158000805398254
0.09885011865767682
0.007001088164436932
0.06223905040065648
0.18214026856960144
-0.04137804196141945
-0.007943551564437521
-0.0946244860496825
0.09838916679638215
-0.052377326870994015
-0.015436996988069808
0.0756209142220745
0.005649873877187246
0.056500473564465116
0.042146280128887756
-0.015807080688423052
0.07320530631238412
0.06004249227617799
-0.09864340114433916
0.011218828821855837
-0.12276295558599488
-0.14351204528564765
-0.12450625164822349
0.0018235707186981392
-0.05877761842511842
0.033505300167456634
0.11855120106396758
0.03495180960064947
0.11799305323626864
0.04510248875568584
0.07615482814283055
0.03131644037987028
0.04631883933685961
0.11704375046390178
0.009732800841761348
0.09354110876483666
-0.12963922939906045
-0.05571309723379477
0.022749864917237957
-0.004866710691371949
0.029101851885003818
0.058979587863745256
-0.05423681271695027
0.05145851914358268
-0.00032752667706535676
-0.08566345234792876
-0.01931137441960604
-0.02631892650264362
0.06184607167622098
0.014782621696963483
0.04373351729854495
-0.0015792835642277764
0.12624907723570616
0.02263052114660455
-0.054570453314555505
0.035850728644604105
-0.02620607885961207
-0.05415642702076128
-0.028954973051385974
-0.03312101927164268
0.07841845768892491
-0.05171055758348559
-0.030875079148421435
-0.01908484664717039
0.27003755205836855
0.26987966643700534
0.040730040275809724
0.10881415301414038
0.19616462230762555
0.13818346758028344
0.10292933496941577
0.14398776619647943
-0.15785072377542378
-0.10557509268513847
-0.11229137497689931
-0.04696247139281802
-0.07012417890371928
-0.06852014802068274
-0.06114421492866104
0.028931721498286208
-0.0890952466569653
-0.16521974197632877
-0.07357723808061649
-0.12975778786272385
-0.10137696435726606
0.1338836234359617
0.12971936101024298
0.09194277440545673
0.06713940663548154
-0.14184336937061715
-0.03658604048012396
0.18586923690662002
0.20421580647103918
0.05591006975965486
0.1722849515597349
0.15170178399416723
0.1742763514356776
0.07864859581956202
0.08802718790817932
-0.05340254239947916
0.12732289958422716
0.21120331937021913
0.16193579745304248
0.21250884999065134
0.046979527372369295
0.19871982452304418
0.16124315214833096
-0.024242772262027014
-0.2168883896093492
-0.16063858428832795
-0.14735120133838103
-0.1377238803109629
0.11243731760154965
0.09923022297668353
0.06416739134330585
0.05369442135672882
-0.1701947953333942
-0.18237935492749346
0.050764419408176706
0.08101975909415973
0.08551792005373343
0.07504229177925892
-0.12399095865542954
-0.1531734529984825
-0.09160357833603852
-0.18309319619399875
0.03466440786302545
0.12064901776683273
0.18091408521689223
0.19656803672612677
0.2295483480119772
0.002603236582496553
0.22105168799162217
0.21897489953178295
0.025050547788024628
-0.12818889622196897
0.07382715448850961
0.0867141842723765
0.019819738605712272
-0.05894121467617083
0.06980147955569235
-0.0116340993245867
-0.004532615019784046
0.041547466155347615
-0.18815039369284195
0.05400974448415681
0.11694196974479214
0.12077052159698479
0.10132966372160346
-0.0949438709750745
-0.13848880342425052
-0.042487036933074616
-0.18169736870669523
-0.05225095578125077
0.04543735849466787
-0.00017365090947768502
-0.06649254829537024
-0.08342693324372445
-0.055742457984350596
-0.05387054218258304
-0.08260446680020697
-0.08608461927645551
-0.08414562400173581
0.06961420592555453
0.06651069579451421
0.01983148951011472
-0.06742504017333682
0.0895359305168903
-0.015473553764251129
0.021470575804470423
0.06815568896616828
-0.021629544084923298
0.12084409700050369
-0.03549896169788313
-0.036538068207254956
-0.10891788865126015
-0.031403557492116305
-0.12137862425155375
-0.039789499585145716
-0.02716120027974893
-0.006407776283003874
0.09329368435803606
0.018743347597692736
0.0024521917954931707
-0.051184951751055
0.03375835928636081
-0.0047188516638184234
-0.010257293168338254
-0.030679512743186282
-0.12540894483118273
0.11276760571413065
-0.04285127378762282
-0.04230675635924779
-0.022878504855899415
0.05488760199381066
0.021672815904043297
-0.0792855063559329
-0.07404302734339434
0.09334743489253519
0.13054135851495346
0.01648809437908204
-0.019018582577618074
-0.05944498496808781
-0.041822964699464636
-0.061217270320203646
0.003332844737651927
-0.027064759364262087
-0.02989844510745711
0.14028278879290734
-0.06156250641493116
-0.06702518703677898
0.004692542072191941
-0.1036742741117751
-0.14682878995019838
-0.029269693448752267
0.034652360237761325
-0.03967607086669843
0.1484836689228542
-0.006995544985489023
-0.022609650636341794
0.03385499014787492
0.05576831448424464
0.05627170479046714
-0.03513058979121186
-0.07534205361972629
0.11549551139405634
-0.019863284575428693
-0.00880841147678348
-0.03402673703474923
0.19950292383813956
0.03912459649243025
-0.06403136674410342
0.09433908860850868
0.1182460054096117
0.19108104872502357
0.0844856788169443
-0.02296323773672481
0.019104022140024764
0.05963286148674085
-0.12774887959810688
-0.08077652252448803
-0.1436368330811071
0.05173288726188457
-0.06933052304870262
-0.035487401273385996
0.04039259878903291
-0.06568657240273751
-0.07101447685565491
-0.018547153580956086
-0.042293433338724526
0.060066270893016166
0.05181779106258103
0.18458351080801372
-0.06436947327342374
-0.018661944249492128
0.012712103032312391
-0.16289073639533214
0.017802072597792654
0.006769688042807091
0.006243409742104574
0.1580389421281584
0.07162757522458911
0.046133738842886025
0.0650072520644871
0.08532350107467954
0.10683279285570246
0.07696485932532791
0.03821726484123459
0.09019168813198605
-0.038418919042464646
-0.08537583743939503
-0.058514191524271
0.012810323532273828
-0.06603389019764272
-0.14802286399400358
-0.0014307548073125842
-0.10180344986724114
0.06606266933443539
0.05842521395203401
-0.07123012675682808
0.031906540346637695
-0.07970764660649093
0.012110636520209168
-0.1154027215492539
0.0367182252538852
-0.03573866953612946
0.1253884509953116
0.06161843811565286
0.06959693622346
0.01808047066385344
0.03764375219579863
0.05916321087796785
0.08698889978950082
0.09874108915093915
0.012126611381110916
0.1576188545070095
0.002977063850425704
0.0043143837244927555
0.04248415265656954
0.0025124302037444063
0.0162629021022991
-0.031139421798063414
0.15109248638430883
0.10316745195267249
0.05695209111038914
-0.1734767839474086
-0.044543801453401484
-0.011362591764323589
-0.08560677380663341
-0.03219135330623709
-0.15989724139129885
-0.04646762278025275
-0.02976277690071582
0.1072747712502347
0.03627375659484558
-0.044541602221861196
-0.026914326208893474
-0.1422659569673429
-0.18008060015433996
0.10600109947600703
0.16239078927034
0.0804755411986436
0.09755294732963618
-0.04812252732882783
0.034276168671756986
0.027653666726789698
0.0142316979549113
0.02376607588805126
-0.0455878949520889
0.10374627509440618
0.10097857805842206
0.07382051955539105
-0.1474418783030158
-0.13070707362335054
-0.017044834267546702
-0.024876366846453245
0.0417265403897622
-0.05019113757889813
-0.034729789791458944
0.009603005710066885
0.06947776667997853
-0.025324826183410216
-0.044861057443341464
-0.07621174567008807
-0.10679733229330673
-0.13638300818568616
0.16031773600840263
0.25585891549600953
0.1469358427937509
0.16844229225705015
-0.029056382708884623
-0.019435609850620768
0.14583119781089415
0.14318043936696684
0.22680803214802775
0.12949901995131352
-0.1044281626324688
-0.12309597243558928
0.01840545807074066
-0.061267809515138695
0.030956469615223102
-0.036905956376590596
-0.04240060614425928
0.05289616080204217
-0.04123134100082577
-0.045475995693314224
0.028131818894995254
0.08224978909050493
-0.030648165424507913
0.009653473684421654
0.05501785890581042
0.04127024643131933
0.022396634220049165
-0.04088658040300594
0.13407149805746402
-0.0570943864692278
-0.12540406222227604
-0.09036329961394353
-0.056830488232535246
0.11566424184346903
0.09462872227987049
0.1770165455183858
0.0840372490066724
-0.0957840591738467
-0.12032342094164115
0.0391008643104849
-0.11503036798079944
0.10128697883912904
0.14789942241128534
0.03942326018101811
-0.04816801567568286
-0.11305916403925304
-0.040005625964739194
-0.012748265146087456
-0.019240636438236806
0.013577287805858942
-0.020898403876553943
0.026443308701355053
-0.02249853820328509
0.00628516149317962
-0.06321264441971433
0.12948699980112663
-0.05434451234370218
-0.07842238748680194
-0.10569846514350265
-0.08788138129985425
0.024304191582677225
0.06984522172127228
0.13257917630316912
0.022703802085363933
0.08424466146630968
0.07162873854814125
-0.09685543392639004
-0.04523360887744764
0.04327687813573997
0.14832465819020407
0.000884061292436053
-0.03763959632427572
-0.17175935907604364
-0.022541430189173088
-0.029031171377884638
0.013035473569935514
0.004870025377543323
-0.059310527578753665
0.12969096750125364
-0.08610747765052817
-0.0980720406360821
-0.14750007799468784
0.04537503449590617
0.03506817912583528
-0.07192942660262512
-0.010470824552130158
-0.20957292403297995
-0.021484398187803497
0.055830632013471604
0.1310843785376568
-0.002270457574496343
0.07054735032882187
0.0825626707646725
-0.0702261159332988
-0.07125445277632145
-0.04290044067742322
0.10021256672983812
0.06909009467414795
0.11679203606335756
0.09615204478104912
-0.01748963449953387
-0.010531349157071941
0.08047872435565462
0.044678819859246474
-0.01382305597125634
0.16668404371570625
-0.021241635725274162
-0.08615655967170952
-0.054865563672540925
0.04479353580135505
0.08889312341978967
-0.005563598404795575
-0.02460778769588548
0.13236182488186746
-0.045749461452595105
-0.05226566644003641
-0.09591230773792599
0.11514193139829887
0.03177555005768815
-0.06135057087336536
0.09675108243031229
0.17950616896813237
-0.008882693617339222
0.04976016100544836
0.07626536426523452
0.09866106711442053
0.12152446329602064
0.026636858894052796
0.028866211654377028
0.08225144769481525
0.02688043805976361
0.16010907555780152
0.04201132934228795
0.013040770854240177
0.09349942462571026
-0.2166895308312368
-0.027748564565540288
-0.04581679866577361
-0.09988755483765253
0.022842233887741648
0.09395732484062932
-0.11118152599890674
-0.06280288652708331
-0.058701827088329585
-0.2413220847855158
-0.04405136296159185
-0.028209774581581797
-0.030019155515454123
0.060262686706972546
0.015282632449812747
0.009788645735204202
0.022002328167038752
0.009593437835478752
-0.013454319906602695
0.010093536639297088
-0.007102000942272771
0.0683274023140022
-0.0805780809952574
0.40198029625493864
-0.13134838337934152
-0.13898253118023893
-0.033708369584116646
0.034867529136669684
0.024471186090852227
0.06394714387462375
-0.12609408137437197
-0.36875818872320026
0.3155885969525
-0.013249297529975206
-0.12723797136213982
-0.007630860947448893
0.211542005792003
-0.0700586780760215
-0.09956320036790789
0.003835786544262882
-0.13376852968047703
0.0049116868573231345
-0.019699141968579904
0.0223741426163134
0.016669530184966957
-0.012915693917764787
0.02610417691091295
-0.010284732930314976
0.09062544275644285
-0.09036114522447153
-0.024941270159207225
-0.0012322306318211414
0.00032310215260330025
-0.04350321950942184
-0.0444367952799973
0.051592741356621126
0.04804055660894636
0.02106368775828019
-0.21149101529744063
0.30252807715428515
-0.03531348321966806
-0.14168630621411382
0.027233701264568606
0.18244369445370873
-0.06440785182624893
-0.11113137812191601
0.0014763635503377906
-0.1687268567355019
0.31651415981361447
0.007339376899712535
-0.029558358311733573
0.0944418288881766
0.16163533342105998
-0.06192516305047797
-0.07170582415960826
-0.033691904398271744
-0.12351402253125664
-0.01250731925917762
-0.014562604464866222
-0.014510070203415926
-0.08014801466683488
-0.08434503650084885
0.015952257902755233
0.03859171280189613
0.04007663372862447
-0.18800883998252016
-0.08763921923540727
-0.08309173724319158
-0.07393408006347557
-0.058004727392029935
-0.060481684417842234
-0.10239852018087034
-0.043224260802532236
0.029729738075607148
-0.06295989400393026
0.31679348265941015
-0.0003473696195597613
-0.048593884786008144
0.08579169457301357
0.15431576073234915
-0.09416561570671647
-0.09575415998024633
-0.04396868291559613
-0.13714725357685995
0.32099622091993724
-0.0452823629283295
-0.12002268302477226
-0.02468296476659905
0.17097119834944827
-0.18181784754071578
-0.07461395453029995
-0.0032209604510760326
-0.24214272659027503
-0.03837392708832784
-0.09389163733045396
-0.0911172485762895
-0.06332468819469667
-0.08463908892475872
-0.09472539161581046
-0.024002174528197903
0.022738276986107312
-0.07914321715392886
-0.034458841628264694
-0.020982652569969625
-0.041697805255136
-0.11216686614836942
-0.10754738957482343
0.002838267632905265
-0.08474231946579562
-0.1553156374897947
-0.1329040349524503
0.35199187473081694
-0.049481097734967665
-0.13200590230842157
0.0031854330580238024
0.26572838945382604
-0.15426932652108888
-0.07786576831862248
0.0065534284525978655
-0.22860792357277523
0.24298718483436718
0.05845564972164385
-0.05369418976381634
-0.11270448061943664
0.2448117429545234
0.08894129671386122
-0.06994553894343768
-0.0296565906148102
-0.09576015611724839
-0.06883426754870489
-0.018728588048970138
-0.08010655289989056
-0.1196256639757487
-0.10591954781375837
0.005638862821173537
-0.07834277132671412
-0.14049104953943092
-0.1734130874498763
-0.13620707818493638
-0.0329143729490533
0.018375492814714393
0.03145060716778027
-0.046254443140028925
-0.041505791076807304
0.01795111361238064
-0.16224697572682392
-0.14648749849225284
0.21068448680424615
0.03614644129453414
-0.060643431978596105
-0.15118681399154074
0.10195370998831543
0.04819156918104578
-0.07588613520442143
-0.03601604372821324
-0.12483685004998557
0.3127766521242508
0.013644404354748084
-0.03131454923009739
-0.05818306536776497
0.1428128716169921
0.12181626282014828
-0.05682284688743759
0.02292419982831773
0.048892651129344225
-0.18574585245757708
-0.048266975252708205
0.041661640304826275
0.06389305651598112
-0.00608755995105692
0.009606718016526166
0.04747820817220151
-0.11866970384338092
-0.14317225072634887
-0.04870847492006579
0.03932641546654686
0.031196332220345555
0.04689022948792285
0.007451198571412118
-0.057460871776337144
-0.035776826514274766
0.016091574161618494
-0.021478916722053983
0.2737500105363843
0.004997880813902698
-0.038547191661236394
-0.0662417558098467
0.14145439688814665
0.10057301110403384
-0.054781786851886886
0.01977008021984698
0.07000217931052513
0.20969028473223003
0.004663238044036351
-0.24431718238364036
-0.06890521119769435
0.21107701753577915
0.03605112944131618
-0.10481935793758973
0.05507501345833016
-0.1620161045422383
-0.021019465376458407
0.04345167905543427
0.04739527161109175
0.04957624748138007
0.030826548179680863
-0.04058046651818665
-0.007601509050722162
0.040553808967686164
-0.01596490759002148
0.10009458448217846
0.010693297224690562
-0.013179651556714793
0.03436571092518305
-0.26126800000369976
-0.06802178074774237
-0.07303051298808741
-0.12714499388121323
-0.0875857942941319
0.2239410522950494
0.025857277396098874
-0.20120507594807915
-0.03819228844839605
0.28184838961676933
0.034124175012199
-0.07609602257866172
0.0849355538519964
-0.11549725517227233
0.023811369620379406
-0.21480787750032565
0.045464814098967465
-0.16216321280113158
0.21414700974763984
-0.08604397450941444
-0.19865679299307565
-0.10661753056299508
0.10270736240528963
